1212 1.02089e-08 1.08007e-08
1340 2.07472e-08 2.11306e-08
1468 1.69112e-08 1.72025e-08
1596 2.14286e-08 2.1754e-08
1724 1.33614e-08 1.36052e-08
1852 1.1819e-08 1.20511e-08
1980 1.13385e-08 1.15317e-08
2108 1.13789e-08 1.15792e-08
2236 1.10752e-08 1.12699e-08
2364 9.5244e-09 9.71236e-09
2492 1.2417e-08 1.26245e-08
2620 1.30928e-08 1.32949e-08
2748 1.19481e-08 1.21499e-08
2876 1.66448e-08 1.68739e-08
3004 1.48052e-08 1.49894e-08
3132 1.57169e-08 1.59391e-08
3260 1.57529e-08 1.60029e-08
3388 1.59867e-08 1.62402e-08
3516 1.53759e-08 1.55986e-08
3644 1.68112e-08 1.70552e-08
3772 2.29323e-08 2.32677e-08
3900 2.99764e-08 3.03738e-08
4028 3.34194e-08 3.38163e-08
4156 3.36719e-08 3.41196e-08
4284 3.00791e-08 3.04898e-08
4412 4.05156e-08 4.10141e-08
4540 4.74553e-08 4.81392e-08
4668 4.43682e-08 4.49774e-08
4796 5.05121e-08 5.11921e-08
4924 5.45002e-08 5.52027e-08
5052 4.85734e-08 4.92874e-08
5180 4.91806e-08 5.00632e-08
5308 5.18247e-08 5.27074e-08
5436 4.70631e-08 4.80118e-08
5564 4.68878e-08 4.78899e-08