-0.196 0.0216821 0
-0.068 0.0255574 0
0.06 3.95853 0
0.188 0.462819 0.00405386
0.316 1.21311 0.00776924
0.444 1.29454 0.00964861
0.572 1.27669 0.00903073
0.7 1.58799 0.0116931
0.828 9.57459 0.0441715
0.956 3.97528 0.0234158
1.084 2.44002 0.0198986
1.212 2.96783 0.0228424
1.34 3.22413 0.0271201
1.468 4.00105 0.0305087
1.596 6.14601 0.0440088
1.724 6.71233 0.048135
1.852 4.65565 0.0443489
1.98 5.55466 0.0544943
2.108 6.65603 0.0729324
2.236 11.7157 0.0897558
2.364 12.5339 0.123251
2.492 13.2012 0.142207
2.62 15.2888 0.167386
2.748 16.6458 0.208242
2.876 23.8525 0.277546
3.004 28.2373 0.359363
3.132 26.3293 0.40355
3.26 31.6663 0.485686
3.388 40.4456 0.588486
3.516 36.492 0.450855
3.644 40.5966 0.91066
3.772 58.3199 1.41926
3.9 57.7003 1.51207
4.028 66.5038 1.96434
4.156 74.5671 2.22562
4.284 104.971 2.73202
4.412 107.512 2.91761
4.54 132.513 3.55391
4.668 193.874 4.94649
4.796 198.995 6.49001
4.924 297.201 8.95514
5.052 208.186 12.7634
5.18 282.868 22.6155
5.308 365.842 53.5526