0.012		7.8125 
0.78		7.8125 
1.548		7.8125 
1.676		7.8125 
2.06 		7.8125 
2.188		7.8125 
2.316 		15.625 
2.444 		7.8125 
2.572 		15.625 
2.7			7.8125 
2.828 		31.25  
2.956 		23.4375
3.084 		15.625 
3.212 		39.0625
3.34		54.6875
3.468  		7.8125 
3.596  		23.4375
3.724 		23.4375
3.852  		15.625 
3.98 		15.625 
4.108 		15.625 
4.236 		23.4375
4.364 		15.625 
4.492 		15.625 
4.62 		23.4375
4.748 		7.8125 
4.876 		15.625 
5.004 		15.625 
5.132 		23.4375
5.26 		7.8125 
5.388 		7.8125 
5.516 		15.625 
5.644 		15.625 
5.772 		7.8125 
5.9			7.8125 
6.028 		39.0625
6.156 		7.8125 
6.284 		15.625 
6.54 		7.8125 
6.668		7.8125 
