   0.25  0.402  2.07E-01 8.26E-01 8.26E-01 3.17E-02 8.81E-02 1.26E-01 1.39E-01 1.32E-01 1.09E-01 8.09E-02 5.42E-02 3.30E-02 1.84E-02 9.35E-03 4.36E-03 1.87E-03 7.36E-04 2.67E-04 8.91E-05 2.74E-05 7.78E-06 2.03E-06 4.91E-07 1.09E-07 2.25E-08 4.27E-09 7.49E-10 1.21E-10 1.82E-11 2.51E-12 3.21E-13 3.79E-14 4.13E-15 
   0.50  1.052  5.28E-01 1.29E+00 1.29E+00 4.94E-02 1.37E-01 1.96E-01 2.17E-01 2.05E-01 1.70E-01 1.26E-01 8.45E-02 5.15E-02 2.86E-02 1.46E-02 6.79E-03 2.91E-03 1.15E-03 4.16E-04 1.39E-04 4.27E-05 1.21E-05 3.17E-06 7.65E-07 1.70E-07 3.50E-08 6.65E-09 1.17E-09 1.89E-10 2.83E-11 3.91E-12 5.00E-13 5.90E-14 6.44E-15 
   0.75  1.278  1.71E+00 4.71E+00 4.71E+00 1.81E-01 5.02E-01 7.16E-01 7.95E-01 7.49E-01 6.21E-01 4.61E-01 3.09E-01 1.88E-01 1.05E-01 5.33E-02 2.49E-02 1.06E-02 4.19E-03 1.52E-03 5.08E-04 1.56E-04 4.43E-05 1.16E-05 2.80E-06 6.23E-07 1.28E-07 2.43E-08 4.27E-09 6.91E-10 1.03E-10 1.43E-11 1.83E-12 2.16E-13 2.35E-14 
   1.00  0.329  2.57E+00 3.45E+00 3.45E+00 1.32E-01 3.68E-01 5.25E-01 5.82E-01 5.49E-01 4.55E-01 3.38E-01 2.26E-01 1.38E-01 7.67E-02 3.90E-02 1.82E-02 7.80E-03 3.07E-03 1.11E-03 3.72E-04 1.14E-04 3.24E-05 8.49E-06 2.05E-06 4.56E-07 9.39E-08 1.78E-08 3.13E-09 5.06E-10 7.58E-11 1.05E-11 1.34E-12 1.58E-13 1.72E-14 
   1.25  0.654  3.33E+00 3.04E+00 3.04E+00 1.17E-01 3.25E-01 4.63E-01 5.14E-01 4.84E-01 4.02E-01 2.98E-01 2.00E-01 1.22E-01 6.77E-02 3.44E-02 1.61E-02 6.88E-03 2.71E-03 9.83E-04 3.28E-04 1.01E-04 2.86E-05 7.49E-06 1.81E-06 4.03E-07 8.29E-08 1.57E-08 2.76E-09 4.47E-10 6.69E-11 9.25E-12 1.18E-12 1.40E-13 1.52E-14 
   1.50  0.931  4.46E+00 4.54E+00 4.54E+00 1.74E-01 4.84E-01 6.91E-01 7.66E-01 7.22E-01 5.99E-01 4.44E-01 2.98E-01 1.81E-01 1.01E-01 5.13E-02 2.40E-02 1.03E-02 4.04E-03 1.47E-03 4.89E-04 1.51E-04 4.27E-05 1.12E-05 2.70E-06 6.01E-07 1.24E-07 2.35E-08 4.11E-09 6.66E-10 9.97E-11 1.38E-11 1.76E-12 2.08E-13 2.27E-14 
   1.75  0.781  6.04E+00 6.29E+00 6.29E+00 2.42E-01 6.71E-01 9.58E-01 1.06E+00 1.00E+00 8.31E-01 6.16E-01 4.13E-01 2.52E-01 1.40E-01 7.12E-02 3.32E-02 1.42E-02 5.61E-03 2.03E-03 6.79E-04 2.09E-04 5.92E-05 1.55E-05 3.74E-06 8.33E-07 1.71E-07 3.25E-08 5.71E-09 9.25E-10 1.38E-10 1.91E-11 2.44E-12 2.89E-13 3.15E-14 
   2.00  1.089  7.47E+00 5.73E+00 5.73E+00 2.20E-01 6.11E-01 8.72E-01 9.67E-01 9.11E-01 7.56E-01 5.61E-01 3.76E-01 2.29E-01 1.27E-01 6.48E-02 3.02E-02 1.30E-02 5.10E-03 1.85E-03 6.18E-04 1.90E-04 5.39E-05 1.41E-05 3.40E-06 7.58E-07 1.56E-07 2.96E-08 5.19E-09 8.41E-10 1.26E-10 1.74E-11 2.22E-12 2.63E-13 2.86E-14 
   2.25  0.553  1.04E+01 1.18E+01 1.18E+01 4.54E-01 1.26E+00 1.80E+00 1.99E+00 1.88E+00 1.56E+00 1.16E+00 7.75E-01 4.72E-01 2.63E-01 1.34E-01 6.23E-02 2.67E-02 1.05E-02 3.81E-03 1.27E-03 3.92E-04 1.11E-04 2.91E-05 7.02E-06 1.56E-06 3.21E-07 6.10E-08 1.07E-08 1.73E-09 2.59E-10 3.59E-11 4.58E-12 5.41E-13 5.91E-14 
   2.50  1.530  1.38E+01 1.33E+01 1.33E+01 5.12E-01 1.42E+00 2.03E+00 2.25E+00 2.12E+00 1.76E+00 1.31E+00 8.75E-01 5.33E-01 2.96E-01 1.51E-01 7.04E-02 3.02E-02 1.19E-02 4.31E-03 1.44E-03 4.42E-04 1.25E-04 3.28E-05 7.92E-06 1.77E-06 3.63E-07 6.89E-08 1.21E-08 1.96E-09 2.93E-10 4.05E-11 5.18E-12 6.11E-13 6.67E-14 
   2.75  1.615  1.79E+01 1.68E+01 1.68E+01 6.44E-01 1.79E+00 2.55E+00 2.83E+00 2.67E+00 2.21E+00 1.64E+00 1.10E+00 6.70E-01 3.73E-01 1.90E-01 8.85E-02 3.79E-02 1.49E-02 5.41E-03 1.81E-03 5.56E-04 1.58E-04 4.13E-05 9.96E-06 2.22E-06 4.56E-07 8.67E-08 1.52E-08 2.46E-09 3.68E-10 5.09E-11 6.51E-12 7.68E-13 8.38E-14 
   3.00  0.873  2.50E+01 2.81E+01 2.81E+01 1.08E+00 3.00E+00 4.28E+00 4.74E+00 4.47E+00 3.71E+00 2.75E+00 1.84E+00 1.12E+00 6.25E-01 3.18E-01 1.48E-01 6.36E-02 2.50E-02 9.08E-03 3.03E-03 9.32E-04 2.64E-04 6.92E-05 1.67E-05 3.72E-06 7.65E-07 1.45E-07 2.55E-08 4.13E-09 6.18E-10 8.54E-11 1.09E-11 1.29E-12 1.41E-13 
   3.25  0.557  3.28E+01 3.12E+01 3.12E+01 1.20E+00 3.33E+00 4.76E+00 5.28E+00 4.97E+00 4.12E+00 3.06E+00 2.05E+00 1.25E+00 6.95E-01 3.54E-01 1.65E-01 7.07E-02 2.78E-02 1.01E-02 3.37E-03 1.04E-03 2.94E-04 7.69E-05 1.86E-05 4.14E-06 8.51E-07 1.62E-07 2.83E-08 4.59E-09 6.87E-10 9.50E-11 1.21E-11 1.43E-12 1.56E-13 
   3.50  0.608  4.20E+01 3.70E+01 3.70E+01 1.42E+00 3.94E+00 5.63E+00 6.24E+00 5.89E+00 4.88E+00 3.62E+00 2.43E+00 1.48E+00 8.23E-01 4.18E-01 1.95E-01 8.37E-02 3.30E-02 1.19E-02 3.99E-03 1.23E-03 3.48E-04 9.11E-05 2.20E-05 4.90E-06 1.01E-06 1.91E-07 3.35E-08 5.43E-09 8.13E-10 1.12E-10 1.44E-11 1.70E-12 1.85E-13 
   3.75  0.862  5.58E+01 5.53E+01 5.53E+01 2.12E+00 5.89E+00 8.41E+00 9.33E+00 8.80E+00 7.30E+00 5.41E+00 3.63E+00 2.21E+00 1.23E+00 6.25E-01 2.92E-01 1.25E-01 4.92E-02 1.79E-02 5.96E-03 1.83E-03 5.20E-04 1.36E-04 3.28E-05 7.32E-06 1.51E-06 2.86E-07 5.01E-08 8.12E-09 1.21E-09 1.68E-10 2.15E-11 2.53E-12 2.76E-13 
   4.00  0.777  7.20E+01 6.46E+01 6.46E+01 2.48E+00 6.89E+00 9.83E+00 1.09E+01 1.03E+01 8.52E+00 6.32E+00 4.24E+00 2.58E+00 1.44E+00 7.31E-01 3.41E-01 1.46E-01 5.75E-02 2.09E-02 6.96E-03 2.14E-03 6.08E-04 1.59E-04 3.84E-05 8.55E-06 1.76E-06 3.34E-07 5.86E-08 9.49E-09 1.42E-09 1.96E-10 2.51E-11 2.96E-12 3.23E-13 
   4.25  1.010  9.62E+01 9.69E+01 9.69E+01 3.72E+00 1.03E+01 1.47E+01 1.64E+01 1.54E+01 1.28E+01 9.49E+00 6.36E+00 3.88E+00 2.15E+00 1.10E+00 5.11E-01 2.19E-01 8.63E-02 3.13E-02 1.04E-02 3.21E-03 9.12E-04 2.39E-04 5.76E-05 1.28E-05 2.64E-06 5.01E-07 8.79E-08 1.42E-08 2.13E-09 2.94E-10 3.76E-11 4.44E-12 4.85E-13 
   4.50  0.737  1.31E+02 1.39E+02 1.39E+02 5.35E+00 1.49E+01 2.12E+01 2.35E+01 2.22E+01 1.84E+01 1.36E+01 9.14E+00 5.57E+00 3.10E+00 1.58E+00 7.35E-01 3.15E-01 1.24E-01 4.50E-02 1.50E-02 4.62E-03 1.31E-03 3.43E-04 8.28E-05 1.84E-05 3.79E-06 7.20E-07 1.26E-07 2.05E-08 3.06E-09 4.23E-10 5.41E-11 6.39E-12 6.97E-13 
   4.75  0.811  1.78E+02 1.87E+02 1.87E+02 7.17E+00 1.99E+01 2.84E+01 3.15E+01 2.97E+01 2.46E+01 1.83E+01 1.22E+01 7.46E+00 4.15E+00 2.11E+00 9.85E-01 4.22E-01 1.66E-01 6.02E-02 2.01E-02 6.19E-03 1.76E-03 4.59E-04 1.11E-04 2.47E-05 5.08E-06 9.64E-07 1.69E-07 2.74E-08 4.10E-09 5.67E-10 7.24E-11 8.55E-12 9.33E-13 
   5.00  0.857  2.40E+02 2.50E+02 2.50E+02 9.59E+00 2.66E+01 3.80E+01 4.22E+01 3.97E+01 3.30E+01 2.45E+01 1.64E+01 9.99E+00 5.55E+00 2.83E+00 1.32E+00 5.65E-01 2.23E-01 8.07E-02 2.69E-02 8.29E-03 2.35E-03 6.15E-04 1.48E-04 3.31E-05 6.80E-06 1.29E-06 2.26E-07 3.67E-08 5.49E-09 7.59E-10 9.70E-11 1.14E-11 1.25E-12 
   5.50  0.857  4.64E+02 4.48E+02 4.48E+02 1.72E+01 4.77E+01 6.81E+01 7.56E+01 7.12E+01 5.91E+01 4.38E+01 2.94E+01 1.79E+01 9.95E+00 5.06E+00 2.36E+00 1.01E+00 3.99E-01 1.45E-01 4.83E-02 1.49E-02 4.21E-03 1.10E-03 2.66E-04 5.93E-05 1.22E-05 2.31E-06 4.06E-07 6.57E-08 9.84E-09 1.36E-09 1.74E-10 2.05E-11 2.24E-12 
   6.00  0.857  8.65E+02 8.02E+02 8.02E+02 3.08E+01 8.55E+01 1.22E+02 1.35E+02 1.28E+02 1.06E+02 7.86E+01 5.27E+01 3.21E+01 1.78E+01 9.08E+00 4.23E+00 1.81E+00 7.15E-01 2.59E-01 8.65E-02 2.66E-02 7.55E-03 1.98E-03 4.77E-04 1.06E-04 2.18E-05 4.15E-06 7.27E-07 1.18E-07 1.76E-08 2.44E-09 3.11E-10 3.68E-11 4.01E-12 
   6.50  0.857  1.58E+03 1.44E+03 1.44E+03 5.52E+01 1.53E+02 2.19E+02 2.43E+02 2.29E+02 1.90E+02 1.41E+02 9.43E+01 5.75E+01 3.20E+01 1.63E+01 7.59E+00 3.25E+00 1.28E+00 4.64E-01 1.55E-01 4.77E-02 1.35E-02 3.54E-03 8.54E-04 1.90E-04 3.91E-05 7.43E-06 1.30E-06 2.11E-07 3.16E-08 4.37E-09 5.58E-10 6.59E-11 7.19E-12 
   7.00  0.857  2.87E+03 2.57E+03 2.57E+03 9.89E+01 2.75E+02 3.92E+02 4.35E+02 4.10E+02 3.40E+02 2.52E+02 1.69E+02 1.03E+02 5.73E+01 2.91E+01 1.36E+01 5.82E+00 2.29E+00 8.32E-01 2.78E-01 8.54E-02 2.42E-02 6.34E-03 1.53E-03 3.41E-04 7.01E-05 1.33E-05 2.33E-06 3.78E-07 5.66E-08 7.82E-09 1.00E-09 1.18E-10 1.29E-11 
   7.50  0.857  5.18E+03 4.61E+03 4.61E+03 1.77E+02 4.92E+02 7.02E+02 7.78E+02 7.34E+02 6.09E+02 4.52E+02 3.03E+02 1.84E+02 1.03E+02 5.22E+01 2.43E+01 1.04E+01 4.11E+00 1.49E+00 4.97E-01 1.53E-01 4.34E-02 1.14E-02 2.74E-03 6.10E-04 1.26E-04 2.38E-05 4.18E-06 6.77E-07 1.01E-07 1.40E-08 1.79E-09 2.11E-10 2.31E-11 
   8.00  0.857  9.30E+03 8.26E+03 8.26E+03 3.17E+02 8.80E+02 1.26E+03 1.39E+03 1.31E+03 1.09E+03 8.08E+02 5.42E+02 3.30E+02 1.84E+02 9.34E+01 4.36E+01 1.87E+01 7.36E+00 2.67E+00 8.90E-01 2.74E-01 7.77E-02 2.03E-02 4.91E-03 1.09E-03 2.25E-04 4.27E-05 7.49E-06 1.21E-06 1.81E-07 2.51E-08 3.21E-09 3.78E-10 4.13E-11 
   8.50  0.857  1.67E+04 1.48E+04 1.48E+04 5.69E+02 1.58E+03 2.25E+03 2.50E+03 2.36E+03 1.95E+03 1.45E+03 9.72E+02 5.92E+02 3.29E+02 1.67E+02 7.81E+01 3.35E+01 1.32E+01 4.78E+00 1.60E+00 4.91E-01 1.39E-01 3.64E-02 8.80E-03 1.96E-03 4.03E-04 7.65E-05 1.34E-05 2.17E-06 3.25E-07 4.50E-08 5.75E-09 6.78E-10 7.40E-11 
   9.00  0.857  3.00E+04 2.65E+04 2.65E+04 1.02E+03 2.83E+03 4.04E+03 4.48E+03 4.22E+03 3.50E+03 2.60E+03 1.74E+03 1.06E+03 5.90E+02 3.00E+02 1.40E+02 6.00E+01 2.37E+01 8.57E+00 2.86E+00 8.81E-01 2.50E-01 6.54E-02 1.58E-02 3.51E-03 7.23E-04 1.37E-04 2.41E-05 3.90E-06 5.83E-07 8.07E-08 1.03E-08 1.22E-09 1.33E-10 
   9.50  0.857  5.38E+04 4.76E+04 4.76E+04 1.83E+03 5.08E+03 7.25E+03 8.04E+03 7.58E+03 6.28E+03 4.66E+03 3.12E+03 1.90E+03 1.06E+03 5.39E+02 2.51E+02 1.08E+02 4.24E+01 1.54E+01 5.13E+00 1.58E+00 4.48E-01 1.17E-01 2.83E-02 6.30E-03 1.30E-03 2.46E-04 4.32E-05 6.99E-06 1.05E-06 1.45E-07 1.85E-08 2.18E-09 2.38E-10 
  10.00  0.857  9.65E+04 8.54E+04 8.54E+04 3.28E+03 9.10E+03 1.30E+04 1.44E+04 1.36E+04 1.13E+04 8.36E+03 5.60E+03 3.41E+03 1.90E+03 9.66E+02 4.51E+02 1.93E+02 7.60E+01 2.76E+01 9.20E+00 2.83E+00 8.03E-01 2.10E-01 5.07E-02 1.13E-02 2.32E-03 4.41E-04 7.74E-05 1.25E-05 1.88E-06 2.59E-07 3.31E-08 3.91E-09 4.27E-10 
  11.00  0.857  3.71E+05 2.74E+05 2.74E+05 1.05E+04 2.92E+04 4.17E+04 4.63E+04 4.36E+04 3.62E+04 2.69E+04 1.80E+04 1.10E+04 6.10E+03 3.10E+03 1.45E+03 6.20E+02 2.44E+02 8.86E+01 2.96E+01 9.10E+00 2.58E+00 6.75E-01 1.63E-01 3.63E-02 7.47E-03 1.42E-03 2.49E-04 4.03E-05 6.03E-06 8.33E-07 1.06E-07 1.26E-08 1.37E-09 
  12.00  0.857  1.25E+06 8.80E+05 8.80E+05 3.38E+04 9.39E+04 1.34E+05 1.49E+05 1.40E+05 1.16E+05 8.62E+04 5.78E+04 3.52E+04 1.96E+04 9.96E+03 4.65E+03 1.99E+03 7.84E+02 2.84E+02 9.49E+01 2.92E+01 8.28E+00 2.17E+00 5.23E-01 1.17E-01 2.40E-02 4.55E-03 7.98E-04 1.29E-04 1.94E-05 2.68E-06 3.42E-07 4.04E-08 4.40E-09 
  13.00  0.857  4.07E+06 2.82E+06 2.82E+06 1.08E+05 3.01E+05 4.30E+05 4.77E+05 4.49E+05 3.73E+05 2.77E+05 1.85E+05 1.13E+05 6.28E+04 3.20E+04 1.49E+04 6.39E+03 2.52E+03 9.12E+02 3.05E+02 9.37E+01 2.66E+01 6.95E+00 1.68E+00 3.74E-01 7.69E-02 1.46E-02 2.56E-03 4.15E-04 6.21E-05 8.58E-06 1.10E-06 1.29E-07 1.41E-08 
  14.00  0.857  1.31E+07 9.07E+06 9.07E+06 3.48E+05 9.67E+05 1.38E+06 1.53E+06 1.44E+06 1.20E+06 8.88E+05 5.95E+05 3.63E+05 2.02E+05 1.03E+05 4.79E+04 2.05E+04 8.08E+03 2.93E+03 9.78E+02 3.01E+02 8.54E+01 2.23E+01 5.39E+00 1.20E+00 2.47E-01 4.69E-02 8.22E-03 1.33E-03 1.99E-04 2.76E-05 3.52E-06 4.16E-07 4.54E-08 
  15.00  0.857  4.23E+07 2.92E+07 2.92E+07 1.12E+06 3.11E+06 4.44E+06 4.92E+06 4.64E+06 3.85E+06 2.86E+06 1.91E+06 1.17E+06 6.49E+05 3.30E+05 1.54E+05 6.60E+04 2.60E+04 9.42E+03 3.15E+03 9.68E+02 2.74E+02 7.18E+01 1.73E+01 3.86E+00 7.94E-01 1.51E-01 2.64E-02 4.28E-03 6.41E-04 8.86E-05 1.13E-05 1.34E-06 1.46E-07 
  16.00  0.857  1.36E+08 9.37E+07 9.37E+07 3.60E+06 1.00E+07 1.43E+07 1.58E+07 1.49E+07 1.24E+07 9.18E+06 6.15E+06 3.75E+06 2.08E+06 1.06E+06 4.95E+05 2.12E+05 8.35E+04 3.03E+04 1.01E+04 3.11E+03 8.82E+02 2.31E+02 5.57E+01 1.24E+01 2.55E+00 4.85E-01 8.50E-02 1.38E-02 2.06E-03 2.85E-04 3.64E-05 4.30E-06 4.69E-07 
  17.00  0.857  4.37E+08 3.01E+08 3.01E+08 1.16E+07 3.21E+07 4.58E+07 5.08E+07 4.79E+07 3.97E+07 2.95E+07 1.98E+07 1.20E+07 6.69E+06 3.41E+06 1.59E+06 6.81E+05 2.68E+05 9.72E+04 3.25E+04 9.99E+03 2.83E+03 7.41E+02 1.79E+02 3.99E+01 8.20E+00 1.56E+00 2.73E-01 4.42E-02 6.62E-03 9.15E-04 1.17E-04 1.38E-05 1.51E-06 
  18.00  0.857  1.40E+09 9.66E+08 9.66E+08 3.71E+07 1.03E+08 1.47E+08 1.63E+08 1.54E+08 1.27E+08 9.46E+07 6.34E+07 3.86E+07 2.15E+07 1.09E+07 5.10E+06 2.18E+06 8.60E+05 3.12E+05 1.04E+05 3.20E+04 9.09E+03 2.38E+03 5.74E+02 1.28E+02 2.63E+01 4.99E+00 8.76E-01 1.42E-01 2.12E-02 2.94E-03 3.75E-04 4.43E-05 4.83E-06 
  19.00  0.857  4.50E+09 3.10E+09 3.10E+09 1.19E+08 3.30E+08 4.72E+08 5.23E+08 4.93E+08 4.09E+08 3.03E+08 2.03E+08 1.24E+08 6.89E+07 3.51E+07 1.64E+07 7.01E+06 2.76E+06 1.00E+06 3.34E+05 1.03E+05 2.92E+04 7.63E+03 1.84E+03 4.10E+02 8.44E+01 1.60E+01 2.81E+00 4.55E-01 6.81E-02 9.42E-03 1.20E-03 1.42E-04 1.55E-05 
  20.00  0.857  1.45E+10 9.97E+09 9.97E+09 3.83E+08 1.06E+09 1.52E+09 1.68E+09 1.59E+09 1.32E+09 9.76E+08 6.54E+08 3.99E+08 2.22E+08 1.13E+08 5.26E+07 2.25E+07 8.88E+06 3.22E+06 1.07E+06 3.31E+05 9.38E+04 2.45E+04 5.92E+03 1.32E+03 2.71E+02 5.15E+01 9.04E+00 1.46E+00 2.19E-01 3.03E-02 3.87E-03 4.57E-04 4.99E-05 
  22.50  0.857  4.75E+11 1.84E+11 1.84E+11 7.08E+09 1.97E+10 2.81E+10 3.11E+10 2.93E+10 2.43E+10 1.81E+10 1.21E+10 7.37E+09 4.10E+09 2.09E+09 9.73E+08 4.17E+08 1.64E+08 5.96E+07 1.99E+07 6.12E+06 1.74E+06 4.54E+05 1.10E+05 2.44E+04 5.02E+03 9.53E+02 1.67E+02 2.71E+01 4.05E+00 5.60E-01 7.16E-02 8.45E-03 9.22E-04 
  25.00  0.857  8.99E+12 3.41E+12 3.41E+12 1.31E+11 3.63E+11 5.18E+11 5.75E+11 5.42E+11 4.49E+11 3.33E+11 2.24E+11 1.36E+11 7.57E+10 3.85E+10 1.80E+10 7.70E+09 3.03E+09 1.10E+09 3.67E+08 1.13E+08 3.20E+07 8.38E+06 2.02E+06 4.51E+05 9.27E+04 1.76E+04 3.09E+03 5.00E+02 7.49E+01 1.03E+01 1.32E+00 1.56E-01 1.70E-02 
  30.00  0.857  5.83E+15 1.16E+15 1.16E+15 4.47E+13 1.24E+14 1.77E+14 1.96E+14 1.85E+14 1.54E+14 1.14E+14 7.64E+13 4.65E+13 2.59E+13 1.32E+13 6.14E+12 2.63E+12 1.04E+12 3.76E+11 1.25E+11 3.86E+10 1.09E+10 2.86E+09 6.91E+08 1.54E+08 3.17E+07 6.02E+06 1.06E+06 1.71E+05 2.56E+04 3.54E+03 4.52E+02 5.33E+01 5.82E+00 
  40.00  0.857  1.36E+21 1.36E+20 1.36E+20 5.22E+18 1.45E+19 2.07E+19 2.29E+19 2.16E+19 1.79E+19 1.33E+19 8.92E+18 5.43E+18 3.02E+18 1.54E+18 7.17E+17 3.07E+17 1.21E+17 4.39E+16 1.47E+16 4.51E+15 1.28E+15 3.35E+14 8.07E+13 1.80E+13 3.70E+12 7.03E+11 1.23E+11 2.00E+10 2.99E+09 4.13E+08 5.28E+07 6.23E+06 6.80E+05 
  50.00  0.857  1.59E+26 1.59E+25 1.59E+25 6.11E+23 1.70E+24 2.42E+24 2.68E+24 2.53E+24 2.10E+24 1.56E+24 1.04E+24 6.36E+23 3.53E+23 1.80E+23 8.39E+22 3.59E+22 1.42E+22 5.13E+21 1.71E+21 5.27E+20 1.50E+20 3.91E+19 9.45E+18 2.10E+18 4.33E+17 8.22E+16 1.44E+16 2.33E+15 3.49E+14 4.83E+13 6.17E+12 7.29E+11 7.95E+10 
