void canvasSave()
{
//=========Macro generated from canvas: Ecanvas/
//=========  (Thu Jan 27 23:19:30 2022) by ROOT version 6.24/00
   TCanvas *Ecanvas = new TCanvas("Ecanvas", "",-1,1,1220,698);
   Ecanvas->Range(-1000,-1000,9000,9000);
   Ecanvas->SetFillColor(0);
   Ecanvas->SetBorderMode(0);
   Ecanvas->SetBorderSize(2);
   Ecanvas->SetLogy();
   Ecanvas->SetFrameBorderMode(0);
   
   TMultiGraph *multigraph = new TMultiGraph();
   multigraph->SetName("");
   multigraph->SetTitle("Level Density");
   
   Double_t _fx1001[501] = {
   2,
   2.01,
   2.02,
   2.03,
   2.04,
   2.05,
   2.06,
   2.07,
   2.08,
   2.09,
   2.1,
   2.11,
   2.12,
   2.13,
   2.14,
   2.15,
   2.16,
   2.17,
   2.18,
   2.19,
   2.2,
   2.21,
   2.22,
   2.23,
   2.24,
   2.25,
   2.26,
   2.27,
   2.28,
   2.29,
   2.3,
   2.31,
   2.32,
   2.33,
   2.34,
   2.35,
   2.36,
   2.37,
   2.38,
   2.39,
   2.4,
   2.41,
   2.42,
   2.43,
   2.44,
   2.45,
   2.46,
   2.47,
   2.48,
   2.49,
   2.5,
   2.51,
   2.52,
   2.53,
   2.54,
   2.55,
   2.56,
   2.57,
   2.58,
   2.59,
   2.6,
   2.61,
   2.62,
   2.63,
   2.64,
   2.65,
   2.66,
   2.67,
   2.68,
   2.69,
   2.7,
   2.71,
   2.72,
   2.73,
   2.74,
   2.75,
   2.76,
   2.77,
   2.78,
   2.79,
   2.8,
   2.81,
   2.82,
   2.83,
   2.84,
   2.85,
   2.86,
   2.87,
   2.88,
   2.89,
   2.9,
   2.91,
   2.92,
   2.93,
   2.94,
   2.95,
   2.96,
   2.97,
   2.98,
   2.99,
   3,
   3.01,
   3.02,
   3.03,
   3.04,
   3.05,
   3.06,
   3.07,
   3.08,
   3.09,
   3.1,
   3.11,
   3.12,
   3.13,
   3.14,
   3.15,
   3.16,
   3.17,
   3.18,
   3.19,
   3.2,
   3.21,
   3.22,
   3.23,
   3.24,
   3.25,
   3.26,
   3.27,
   3.28,
   3.29,
   3.3,
   3.31,
   3.32,
   3.33,
   3.34,
   3.35,
   3.36,
   3.37,
   3.38,
   3.39,
   3.4,
   3.41,
   3.42,
   3.43,
   3.44,
   3.45,
   3.46,
   3.47,
   3.48,
   3.49,
   3.5,
   3.51,
   3.52,
   3.53,
   3.54,
   3.55,
   3.56,
   3.57,
   3.58,
   3.59,
   3.6,
   3.61,
   3.62,
   3.63,
   3.64,
   3.65,
   3.66,
   3.67,
   3.68,
   3.69,
   3.7,
   3.71,
   3.72,
   3.73,
   3.74,
   3.75,
   3.76,
   3.77,
   3.78,
   3.79,
   3.8,
   3.81,
   3.82,
   3.83,
   3.84,
   3.85,
   3.86,
   3.87,
   3.88,
   3.89,
   3.9,
   3.91,
   3.92,
   3.93,
   3.94,
   3.95,
   3.96,
   3.97,
   3.98,
   3.99,
   4,
   4.01,
   4.02,
   4.03,
   4.04,
   4.05,
   4.06,
   4.07,
   4.08,
   4.09,
   4.1,
   4.11,
   4.12,
   4.13,
   4.14,
   4.15,
   4.16,
   4.17,
   4.18,
   4.19,
   4.2,
   4.21,
   4.22,
   4.23,
   4.24,
   4.25,
   4.26,
   4.27,
   4.28,
   4.29,
   4.3,
   4.31,
   4.32,
   4.33,
   4.34,
   4.35,
   4.36,
   4.37,
   4.38,
   4.39,
   4.4,
   4.41,
   4.42,
   4.43,
   4.44,
   4.45,
   4.46,
   4.47,
   4.48,
   4.49,
   4.5,
   4.51,
   4.52,
   4.53,
   4.54,
   4.55,
   4.56,
   4.57,
   4.58,
   4.59,
   4.6,
   4.61,
   4.62,
   4.63,
   4.64,
   4.65,
   4.66,
   4.67,
   4.68,
   4.69,
   4.7,
   4.71,
   4.72,
   4.73,
   4.74,
   4.75,
   4.76,
   4.77,
   4.78,
   4.79,
   4.8,
   4.81,
   4.82,
   4.83,
   4.84,
   4.85,
   4.86,
   4.87,
   4.88,
   4.89,
   4.9,
   4.91,
   4.92,
   4.93,
   4.94,
   4.95,
   4.96,
   4.97,
   4.98,
   4.99,
   5,
   5.01,
   5.02,
   5.03,
   5.04,
   5.05,
   5.06,
   5.07,
   5.08,
   5.09,
   5.1,
   5.11,
   5.12,
   5.13,
   5.14,
   5.15,
   5.16,
   5.17,
   5.18,
   5.19,
   5.2,
   5.21,
   5.22,
   5.23,
   5.24,
   5.25,
   5.26,
   5.27,
   5.28,
   5.29,
   5.3,
   5.31,
   5.32,
   5.33,
   5.34,
   5.35,
   5.36,
   5.37,
   5.38,
   5.39,
   5.4,
   5.41,
   5.42,
   5.43,
   5.44,
   5.45,
   5.46,
   5.47,
   5.48,
   5.49,
   5.5,
   5.51,
   5.52,
   5.53,
   5.54,
   5.55,
   5.56,
   5.57,
   5.58,
   5.59,
   5.6,
   5.61,
   5.62,
   5.63,
   5.64,
   5.65,
   5.66,
   5.67,
   5.68,
   5.69,
   5.7,
   5.71,
   5.72,
   5.73,
   5.74,
   5.75,
   5.76,
   5.77,
   5.78,
   5.79,
   5.8,
   5.81,
   5.82,
   5.83,
   5.84,
   5.85,
   5.86,
   5.87,
   5.88,
   5.89,
   5.9,
   5.91,
   5.92,
   5.93,
   5.94,
   5.95,
   5.96,
   5.97,
   5.98,
   5.99,
   6,
   6.01,
   6.02,
   6.03,
   6.04,
   6.05,
   6.06,
   6.07,
   6.08,
   6.09,
   6.1,
   6.11,
   6.12,
   6.13,
   6.14,
   6.15,
   6.16,
   6.17,
   6.18,
   6.19,
   6.2,
   6.21,
   6.22,
   6.23,
   6.24,
   6.25,
   6.26,
   6.27,
   6.28,
   6.29,
   6.3,
   6.31,
   6.32,
   6.33,
   6.34,
   6.35,
   6.36,
   6.37,
   6.38,
   6.39,
   6.4,
   6.41,
   6.42,
   6.43,
   6.44,
   6.45,
   6.46,
   6.47,
   6.48,
   6.49,
   6.5,
   6.51,
   6.52,
   6.53,
   6.54,
   6.55,
   6.56,
   6.57,
   6.58,
   6.59,
   6.6,
   6.61,
   6.62,
   6.63,
   6.64,
   6.65,
   6.66,
   6.67,
   6.68,
   6.69,
   6.7,
   6.71,
   6.72,
   6.73,
   6.74,
   6.75,
   6.76,
   6.77,
   6.78,
   6.79,
   6.8,
   6.81,
   6.82,
   6.83,
   6.84,
   6.85,
   6.86,
   6.87,
   6.88,
   6.89,
   6.9,
   6.91,
   6.92,
   6.93,
   6.94,
   6.95,
   6.96,
   6.97,
   6.98,
   6.99,
   7};
   Double_t _fy1001[501] = {
   8.310292,
   8.431829,
   8.553365,
   8.533645,
   8.483978,
   8.434311,
   8.384645,
   8.334978,
   8.285312,
   8.235645,
   8.185979,
   8.136312,
   8.086645,
   8.036979,
   7.987312,
   7.937646,
   7.887979,
   7.890617,
   8.002595,
   8.114573,
   8.226551,
   8.338529,
   8.450508,
   8.562486,
   8.674464,
   8.786442,
   8.89842,
   9.010398,
   9.122376,
   9.234354,
   9.346332,
   9.458311,
   9.570289,
   9.682267,
   9.794245,
   9.906223,
   10.0182,
   10.28204,
   10.54587,
   10.80971,
   11.07355,
   11.33738,
   11.60122,
   11.86505,
   12.12889,
   12.39273,
   12.65656,
   12.9204,
   13.18424,
   13.26582,
   13.3474,
   13.42898,
   13.51056,
   13.59214,
   13.67372,
   13.7553,
   13.83688,
   13.91846,
   14.00005,
   14.08163,
   14.3763,
   14.68208,
   14.89467,
   15.10725,
   15.31984,
   15.53243,
   15.74502,
   15.95761,
   16.17019,
   16.38278,
   16.59537,
   16.80796,
   17.02054,
   17.23313,
   17.44572,
   17.65831,
   17.82406,
   17.98225,
   18.14044,
   18.29864,
   18.51437,
   18.73009,
   18.94582,
   19.16155,
   19.47336,
   19.78516,
   20.09697,
   20.40878,
   20.72058,
   21.03239,
   21.3442,
   21.656,
   21.96781,
   22.27962,
   22.59142,
   22.90323,
   23.21504,
   23.52684,
   23.83865,
   24.15046,
   24.31782,
   24.45039,
   24.58296,
   24.71554,
   24.84811,
   24.66135,
   24.79411,
   24.92688,
   25.05964,
   25.1924,
   25.32516,
   25.41377,
   25.21877,
   25.02378,
   25.49399,
   26.0274,
   26.56082,
   27.09423,
   27.62764,
   28.16105,
   28.69446,
   29.22788,
   29.76129,
   30.2947,
   30.82811,
   31.3122,
   31.68591,
   32.06514,
   32.44436,
   32.82359,
   33.20282,
   33.58205,
   34.15414,
   34.72623,
   35.16256,
   35.59889,
   36.03522,
   36.47155,
   36.90788,
   37.16843,
   37.4219,
   37.55092,
   37.66126,
   37.7716,
   37.88194,
   37.99228,
   38.10263,
   38.21297,
   38.32331,
   38.43365,
   38.54399,
   38.65433,
   38.76467,
   38.87502,
   39.098,
   39.10987,
   39.37084,
   39.88503,
   40.39921,
   40.9134,
   41.42759,
   41.94177,
   42.96319,
   43.9846,
   45.00601,
   46.02742,
   47.04883,
   48.07024,
   49.09165,
   50.11307,
   51.13448,
   52.15589,
   53.1773,
   54.19871,
   55.00646,
   55.81421,
   56.62195,
   57.4297,
   58.23745,
   59.0452,
   59.85294,
   60.66069,
   61.46844,
   62.27618,
   63.08393,
   63.89168,
   64.69943,
   65.19078,
   65.68214,
   66.1735,
   66.66486,
   67.15621,
   67.64757,
   68.13893,
   68.63029,
   69.12164,
   69.613,
   70.10436,
   70.59572,
   71.5283,
   72.46089,
   73.39348,
   74.32607,
   75.25866,
   76.19124,
   77.12383,
   78.05642,
   78.98901,
   79.9216,
   80.85418,
   81.78677,
   82.71936,
   84.04079,
   85.36221,
   86.68364,
   88.00507,
   89.3265,
   90.64792,
   91.96935,
   93.29078,
   94.6122,
   95.93363,
   97.25506,
   98.76993,
   100.5643,
   102.3588,
   104.1532,
   105.9476,
   107.742,
   109.5364,
   110.9487,
   112.3609,
   113.7731,
   115.1762,
   116.5421,
   117.9081,
   119.274,
   120.64,
   122.006,
   123.3719,
   124.7379,
   126.1038,
   127.4698,
   128.8358,
   130.2017,
   131.5677,
   132.9337,
   134.2996,
   135.6656,
   137.0315,
   138.3975,
   139.7635,
   141.1294,
   142.6531,
   144.1767,
   146.7022,
   149.2277,
   151.7531,
   154.2786,
   156.8041,
   159.3296,
   161.855,
   164.3805,
   166.906,
   169.4315,
   171.9569,
   174.4824,
   177.0079,
   179.5334,
   182.0588,
   184.5843,
   187.1098,
   189.6352,
   192.1607,
   194.6862,
   197.2117,
   199.7371,
   202.2626,
   204.7881,
   207.3136,
   209.5118,
   211.71,
   213.9082,
   216.1064,
   218.3046,
   220.5028,
   222.7009,
   224.8991,
   227.0973,
   229.2955,
   231.4937,
   233.6919,
   235.8901,
   238.0883,
   240.2865,
   242.4847,
   244.6829,
   246.8811,
   249.0793,
   251.2775,
   253.4757,
   255.6739,
   257.8721,
   260.3354,
   262.7987,
   266.5897,
   270.3806,
   274.1715,
   277.9624,
   281.7533,
   285.5442,
   289.3351,
   293.1261,
   296.917,
   300.7079,
   304.4988,
   308.2897,
   312.0806,
   315.8716,
   319.6625,
   323.4534,
   327.2443,
   331.0352,
   334.8261,
   338.617,
   342.408,
   346.1989,
   349.9898,
   353.7807,
   357.5716,
   361.5213,
   365.471,
   369.4207,
   373.3704,
   377.3201,
   381.2698,
   385.2195,
   389.1692,
   393.1189,
   397.0686,
   401.0183,
   404.9679,
   408.9176,
   412.8673,
   416.817,
   420.7351,
   424.5934,
   428.4516,
   432.3098,
   436.1681,
   440.0263,
   443.8845,
   447.7428,
   451.601,
   455.4592,
   460.431,
   465.4027,
   470.3745,
   475.3462,
   480.3179,
   485.2897,
   490.2614,
   495.2331,
   500.2049,
   505.1766,
   510.1484,
   515.1201,
   520.0918,
   525.0636,
   530.0353,
   535.007,
   540.8421,
   546.6772,
   552.5123,
   558.3474,
   564.1825,
   570.0175,
   575.8526,
   581.6877,
   587.0354,
   595.6119,
   604.1885,
   612.7651,
   621.3417,
   629.9183,
   638.4948,
   647.0714,
   655.648,
   664.2246,
   672.8012,
   681.3777,
   689.9543,
   698.5309,
   707.1075,
   715.6841,
   724.2606,
   732.8372,
   741.4138,
   749.9904,
   758.567,
   767.1435,
   775.7201,
   784.2967,
   794.0165,
   803.7363,
   817.4943,
   831.2522,
   845.0101,
   858.7681,
   872.526,
   886.284,
   900.0419,
   913.7998,
   927.5578,
   941.3157,
   955.0737,
   968.8316,
   982.5896,
   996.3475,
   1010.105,
   1023.863,
   1037.621,
   1051.379,
   1065.137,
   1078.895,
   1092.653,
   1106.411,
   1120.169,
   1133.927,
   1147.685,
   1161.443,
   1175.201,
   1188.959,
   1202.717,
   1216.475,
   1230.232,
   1243.99,
   1257.748,
   1271.506,
   1285.264,
   1299.022,
   1312.78,
   1326.538,
   1340.296,
   1354.054,
   1367.812,
   1381.57,
   1395.328,
   1409.086,
   1422.844,
   1436.602,
   1450.36,
   1464.117,
   1478.941,
   1493.765,
   1516.375,
   1538.984,
   1561.594,
   1584.204,
   1606.814,
   1629.423,
   1652.033,
   1674.643,
   1697.252,
   1719.862,
   1742.472,
   1765.081,
   1787.691,
   1810.301,
   1832.619,
   1854.42,
   1877.055,
   1899.691,
   1922.326,
   1944.962,
   1967.597,
   1990.233,
   2012.868,
   2035.504,
   2058.139,
   2080.775,
   2103.41,
   2126.046,
   2148.682,
   2171.317,
   2193.953,
   2216.588,
   2239.224,
   2261.859,
   2284.495,
   2307.13,
   2329.766,
   2352.401,
   2375.037,
   2397.672,
   2420.308,
   2442.943,
   2465.579,
   2488.214,
   2510.85,
   2533.486};
   Double_t _fex1001[501] = {
   0,
   0,
   0,
   0,
   0,
   0,
   0,
   0,
   0,
   0,
   0,
   0,
   0,
   0,
   0,
   0,
   0,
   0,
   0,
   0,
   0,
   0,
   0,
   0,
   0,
   0,
   0,
   0,
   0,
   0,
   0,
   0,
   0,
   0,
   0,
   0,
   0,
   0,
   0,
   0,
   0,
   0,
   0,
   0,
   0,
   0,
   0,
   0,
   0,
   0,
   0,
   0,
   0,
   0,
   0,
   0,
   0,
   0,
   0,
   0,
   0,
   0,
   0,
   0,
   0,
   0,
   0,
   0,
   0,
   0,
   0,
   0,
   0,
   0,
   0,
   0,
   0,
   0,
   0,
   0,
   0,
   0,
   0,
   0,
   0,
   0,
   0,
   0,
   0,
   0,
   0,
   0,
   0,
   0,
   0,
   0,
   0,
   0,
   0,
   0,
   0,
   0,
   0,
   0,
   0,
   0,
   0,
   0,
   0,
   0,
   0,
   0,
   0,
   0,
   0,
   0,
   0,
   0,
   0,
   0,
   0,
   0,
   0,
   0,
   0,
   0,
   0,
   0,
   0,
   0,
   0,
   0,
   0,
   0,
   0,
   0,
   0,
   0,
   0,
   0,
   0,
   0,
   0,
   0,
   0,
   0,
   0,
   0,
   0,
   0,
   0,
   0,
   0,
   0,
   0,
   0,
   0,
   0,
   0,
   0,
   0,
   0,
   0,
   0,
   0,
   0,
   0,
   0,
   0,
   0,
   0,
   0,
   0,
   0,
   0,
   0,
   0,
   0,
   0,
   0,
   0,
   0,
   0,
   0,
   0,
   0,
   0,
   0,
   0,
   0,
   0,
   0,
   0,
   0,
   0,
   0,
   0,
   0,
   0,
   0,
   0,
   0,
   0,
   0,
   0,
   0,
   0,
   0,
   0,
   0,
   0,
   0,
   0,
   0,
   0,
   0,
   0,
   0,
   0,
   0,
   0,
   0,
   0,
   0,
   0,
   0,
   0,
   0,
   0,
   0,
   0,
   0,
   0,
   0,
   0,
   0,
   0,
   0,
   0,
   0,
   0,
   0,
   0,
   0,
   0,
   0,
   0,
   0,
   0,
   0,
   0,
   0,
   0,
   0,
   0,
   0,
   0,
   0,
   0,
   0,
   0,
   0,
   0,
   0,
   0,
   0,
   0,
   0,
   0,
   0,
   0,
   0,
   0,
   0,
   0,
   0,
   0,
   0,
   0,
   0,
   0,
   0,
   0,
   0,
   0,
   0,
   0,
   0,
   0,
   0,
   0,
   0,
   0,
   0,
   0,
   0,
   0,
   0,
   0,
   0,
   0,
   0,
   0,
   0,
   0,
   0,
   0,
   0,
   0,
   0,
   0,
   0,
   0,
   0,
   0,
   0,
   0,
   0,
   0,
   0,
   0,
   0,
   0,
   0,
   0,
   0,
   0,
   0,
   0,
   0,
   0,
   0,
   0,
   0,
   0,
   0,
   0,
   0,
   0,
   0,
   0,
   0,
   0,
   0,
   0,
   0,
   0,
   0,
   0,
   0,
   0,
   0,
   0,
   0,
   0,
   0,
   0,
   0,
   0,
   0,
   0,
   0,
   0,
   0,
   0,
   0,
   0,
   0,
   0,
   0,
   0,
   0,
   0,
   0,
   0,
   0,
   0,
   0,
   0,
   0,
   0,
   0,
   0,
   0,
   0,
   0,
   0,
   0,
   0,
   0,
   0,
   0,
   0,
   0,
   0,
   0,
   0,
   0,
   0,
   0,
   0,
   0,
   0,
   0,
   0,
   0,
   0,
   0,
   0,
   0,
   0,
   0,
   0,
   0,
   0,
   0,
   0,
   0,
   0,
   0,
   0,
   0,
   0,
   0,
   0,
   0,
   0,
   0,
   0,
   0,
   0,
   0,
   0,
   0,
   0,
   0,
   0,
   0,
   0,
   0,
   0,
   0,
   0,
   0,
   0,
   0,
   0,
   0,
   0,
   0,
   0,
   0,
   0,
   0,
   0,
   0,
   0,
   0,
   0,
   0,
   0,
   0,
   0,
   0,
   0,
   0,
   0,
   0,
   0,
   0,
   0,
   0,
   0,
   0,
   0,
   0,
   0,
   0,
   0,
   0,
   0,
   0,
   0,
   0,
   0,
   0,
   0,
   0,
   0,
   0,
   0,
   0,
   0,
   0,
   0,
   0,
   0,
   0,
   0,
   0,
   0};
   Double_t _fey1001[501] = {
   6.042788,
   5.813308,
   5.583828,
   5.495605,
   5.437329,
   5.379052,
   5.320775,
   5.262499,
   5.204222,
   5.145945,
   5.087669,
   5.029392,
   4.971115,
   4.912838,
   4.854562,
   4.796285,
   4.738008,
   4.732036,
   4.835404,
   4.938772,
   5.04214,
   5.145508,
   5.248876,
   5.352244,
   5.455612,
   5.55898,
   5.662348,
   5.765716,
   5.869084,
   5.972452,
   6.07582,
   6.179188,
   6.282556,
   6.385924,
   6.489292,
   6.59266,
   6.696028,
   6.647538,
   6.599047,
   6.550557,
   6.502067,
   6.453577,
   6.405087,
   6.356597,
   6.308107,
   6.259616,
   6.211126,
   6.162636,
   6.114146,
   5.883401,
   5.652655,
   5.42191,
   5.191164,
   4.960419,
   4.729674,
   4.498928,
   4.268183,
   4.037437,
   3.806692,
   3.575946,
   3.55829,
   3.551746,
   3.638396,
   3.725046,
   3.811696,
   3.898346,
   3.984996,
   4.071646,
   4.158296,
   4.244946,
   4.331596,
   4.418246,
   4.504896,
   4.591546,
   4.678196,
   4.764846,
   4.898335,
   5.039379,
   5.180423,
   5.321467,
   5.520045,
   5.718624,
   5.917202,
   6.115781,
   6.218281,
   6.320781,
   6.423281,
   6.525782,
   6.628282,
   6.730782,
   6.833282,
   6.935783,
   7.038283,
   7.140783,
   7.243283,
   7.345784,
   7.448284,
   7.550784,
   7.653284,
   7.755785,
   8.002728,
   8.284463,
   8.566199,
   8.847935,
   9.12967,
   9.092078,
   8.734967,
   8.377855,
   8.020743,
   7.663632,
   7.30652,
   6.993569,
   6.964216,
   6.934863,
   6.825393,
   6.779121,
   6.732848,
   6.686576,
   6.640303,
   6.59403,
   6.547758,
   6.501485,
   6.455213,
   6.40894,
   6.362667,
   6.365718,
   6.676353,
   6.992508,
   7.308662,
   7.624817,
   7.940972,
   8.257126,
   8.380418,
   8.503709,
   8.491239,
   8.478769,
   8.466299,
   8.453829,
   8.44136,
   8.604667,
   8.775063,
   9.0699,
   9.383418,
   9.696937,
   10.01046,
   10.32397,
   10.63749,
   10.95101,
   11.26453,
   11.57805,
   11.89157,
   12.20508,
   12.5186,
   12.83212,
   13.25828,
   13.47333,
   13.93748,
   14.65484,
   15.37221,
   16.08957,
   16.80693,
   17.5243,
   17.73443,
   17.94457,
   18.15471,
   18.36485,
   18.57499,
   18.78513,
   18.99526,
   19.2054,
   19.41554,
   19.62568,
   19.83582,
   20.04596,
   20.04243,
   20.0389,
   20.03538,
   20.03185,
   20.02833,
   20.0248,
   20.02127,
   20.01775,
   20.01422,
   20.0107,
   20.00717,
   20.00364,
   20.00012,
   20.31298,
   20.62585,
   20.93871,
   21.25157,
   21.56444,
   21.8773,
   22.19016,
   22.50303,
   22.81589,
   23.12876,
   23.44162,
   23.75448,
   24.50858,
   25.26267,
   26.01677,
   26.77086,
   27.52495,
   28.27905,
   29.03314,
   29.78724,
   30.54133,
   31.29543,
   32.04952,
   32.80361,
   33.55771,
   33.92296,
   34.28822,
   34.65347,
   35.01873,
   35.38399,
   35.74924,
   36.1145,
   36.47975,
   36.84501,
   37.21026,
   37.57552,
   38.13422,
   38.97246,
   39.81071,
   40.64896,
   41.48721,
   42.32546,
   43.16371,
   43.61974,
   44.07578,
   44.53182,
   44.99699,
   45.49928,
   46.00156,
   46.50385,
   47.00614,
   47.50843,
   48.01072,
   48.51301,
   49.01529,
   49.51758,
   50.01987,
   50.52216,
   51.02445,
   51.52674,
   52.02902,
   52.53131,
   53.0336,
   53.53589,
   54.03818,
   54.54047,
   54.88506,
   55.22966,
   56.57609,
   57.92251,
   59.26893,
   60.61535,
   61.96178,
   63.3082,
   64.65462,
   66.00104,
   67.34747,
   68.69389,
   70.04031,
   71.38673,
   72.73316,
   74.07958,
   75.426,
   76.77242,
   78.11885,
   79.46527,
   80.81169,
   82.15811,
   83.50454,
   84.85096,
   86.19738,
   87.5438,
   88.89023,
   89.90937,
   90.92852,
   91.94767,
   92.96681,
   93.98596,
   95.0051,
   96.02425,
   97.0434,
   98.06254,
   99.08169,
   100.1008,
   101.12,
   102.1391,
   103.1583,
   104.1774,
   105.1966,
   106.2157,
   107.2349,
   108.254,
   109.2732,
   110.2923,
   111.3114,
   112.3306,
   113.0846,
   113.8387,
   115.9203,
   118.0019,
   120.0836,
   122.1652,
   124.2468,
   126.3285,
   128.4101,
   130.4917,
   132.5734,
   134.655,
   136.7366,
   138.8183,
   140.8999,
   142.9815,
   145.0632,
   147.1448,
   149.2264,
   151.3081,
   153.3897,
   155.4713,
   157.553,
   159.6346,
   161.7162,
   163.7979,
   165.8795,
   168.1199,
   170.3603,
   172.6008,
   174.8412,
   177.0816,
   179.322,
   181.5624,
   183.8028,
   186.0432,
   188.2836,
   190.5241,
   192.7645,
   195.0049,
   197.2453,
   199.4857,
   201.7577,
   204.0896,
   206.4214,
   208.7533,
   211.0852,
   213.417,
   215.7489,
   218.0808,
   220.4127,
   222.7445,
   226.1899,
   229.6353,
   233.0806,
   236.526,
   239.9714,
   243.4168,
   246.8621,
   250.3075,
   253.7529,
   257.1983,
   260.6436,
   264.089,
   267.5344,
   270.9797,
   274.4251,
   277.8705,
   280.4525,
   283.0345,
   285.6166,
   288.1986,
   290.7806,
   293.3626,
   295.9447,
   298.5267,
   301.5962,
   308.1567,
   314.7172,
   321.2777,
   327.8382,
   334.3988,
   340.9593,
   347.5198,
   354.0803,
   360.6408,
   367.2014,
   373.7619,
   380.3224,
   386.8829,
   393.4435,
   400.004,
   406.5645,
   413.125,
   419.6855,
   426.2461,
   432.8066,
   439.3671,
   445.9276,
   452.4881,
   457.9054,
   463.3227,
   472.7781,
   482.2336,
   491.689,
   501.1444,
   510.5999,
   520.0553,
   529.5107,
   538.9661,
   548.4216,
   557.877,
   567.3324,
   576.7878,
   586.2433,
   595.6987,
   605.1541,
   614.6095,
   624.065,
   633.5204,
   642.9758,
   652.4313,
   661.8867,
   671.3421,
   680.7975,
   690.253,
   699.7084,
   709.1638,
   718.6192,
   728.0747,
   737.5301,
   746.9855,
   756.4409,
   765.8964,
   775.3518,
   784.8072,
   794.2627,
   803.7181,
   813.1735,
   822.6289,
   832.0844,
   841.5398,
   850.9952,
   860.4506,
   869.9061,
   879.3615,
   888.8169,
   898.2723,
   907.7278,
   917.1832,
   925.5728,
   933.9624,
   950.138,
   966.3136,
   982.4891,
   998.6647,
   1014.84,
   1031.016,
   1047.191,
   1063.367,
   1079.543,
   1095.718,
   1111.894,
   1128.069,
   1144.245,
   1160.42,
   1176.887,
   1193.872,
   1210.022,
   1226.172,
   1242.321,
   1258.471,
   1274.621,
   1290.771,
   1306.92,
   1323.07,
   1339.22,
   1355.37,
   1371.519,
   1387.669,
   1403.819,
   1419.969,
   1436.118,
   1452.268,
   1468.418,
   1484.568,
   1500.717,
   1516.867,
   1533.017,
   1549.167,
   1565.316,
   1581.466,
   1597.616,
   1613.765,
   1629.915,
   1646.065,
   1662.215,
   1678.364};
   TGraphErrors *gre = new TGraphErrors(501,_fx1001,_fy1001,_fex1001,_fey1001);
   gre->SetName("");
   gre->SetTitle("fit to discrete exp. levels");

   Int_t ci;      // for color index setting
   TColor *color; // for color definition with alpha
   ci = TColor::GetColor("#a1cdce");
   gre->SetFillColor(ci);
   gre->SetFillStyle(1000);
   multigraph->Add(gre,"3");
   
   Double_t _fx1002[501] = {
   2,
   2.01,
   2.02,
   2.03,
   2.04,
   2.05,
   2.06,
   2.07,
   2.08,
   2.09,
   2.1,
   2.11,
   2.12,
   2.13,
   2.14,
   2.15,
   2.16,
   2.17,
   2.18,
   2.19,
   2.2,
   2.21,
   2.22,
   2.23,
   2.24,
   2.25,
   2.26,
   2.27,
   2.28,
   2.29,
   2.3,
   2.31,
   2.32,
   2.33,
   2.34,
   2.35,
   2.36,
   2.37,
   2.38,
   2.39,
   2.4,
   2.41,
   2.42,
   2.43,
   2.44,
   2.45,
   2.46,
   2.47,
   2.48,
   2.49,
   2.5,
   2.51,
   2.52,
   2.53,
   2.54,
   2.55,
   2.56,
   2.57,
   2.58,
   2.59,
   2.6,
   2.61,
   2.62,
   2.63,
   2.64,
   2.65,
   2.66,
   2.67,
   2.68,
   2.69,
   2.7,
   2.71,
   2.72,
   2.73,
   2.74,
   2.75,
   2.76,
   2.77,
   2.78,
   2.79,
   2.8,
   2.81,
   2.82,
   2.83,
   2.84,
   2.85,
   2.86,
   2.87,
   2.88,
   2.89,
   2.9,
   2.91,
   2.92,
   2.93,
   2.94,
   2.95,
   2.96,
   2.97,
   2.98,
   2.99,
   3,
   3.01,
   3.02,
   3.03,
   3.04,
   3.05,
   3.06,
   3.07,
   3.08,
   3.09,
   3.1,
   3.11,
   3.12,
   3.13,
   3.14,
   3.15,
   3.16,
   3.17,
   3.18,
   3.19,
   3.2,
   3.21,
   3.22,
   3.23,
   3.24,
   3.25,
   3.26,
   3.27,
   3.28,
   3.29,
   3.3,
   3.31,
   3.32,
   3.33,
   3.34,
   3.35,
   3.36,
   3.37,
   3.38,
   3.39,
   3.4,
   3.41,
   3.42,
   3.43,
   3.44,
   3.45,
   3.46,
   3.47,
   3.48,
   3.49,
   3.5,
   3.51,
   3.52,
   3.53,
   3.54,
   3.55,
   3.56,
   3.57,
   3.58,
   3.59,
   3.6,
   3.61,
   3.62,
   3.63,
   3.64,
   3.65,
   3.66,
   3.67,
   3.68,
   3.69,
   3.7,
   3.71,
   3.72,
   3.73,
   3.74,
   3.75,
   3.76,
   3.77,
   3.78,
   3.79,
   3.8,
   3.81,
   3.82,
   3.83,
   3.84,
   3.85,
   3.86,
   3.87,
   3.88,
   3.89,
   3.9,
   3.91,
   3.92,
   3.93,
   3.94,
   3.95,
   3.96,
   3.97,
   3.98,
   3.99,
   4,
   4.01,
   4.02,
   4.03,
   4.04,
   4.05,
   4.06,
   4.07,
   4.08,
   4.09,
   4.1,
   4.11,
   4.12,
   4.13,
   4.14,
   4.15,
   4.16,
   4.17,
   4.18,
   4.19,
   4.2,
   4.21,
   4.22,
   4.23,
   4.24,
   4.25,
   4.26,
   4.27,
   4.28,
   4.29,
   4.3,
   4.31,
   4.32,
   4.33,
   4.34,
   4.35,
   4.36,
   4.37,
   4.38,
   4.39,
   4.4,
   4.41,
   4.42,
   4.43,
   4.44,
   4.45,
   4.46,
   4.47,
   4.48,
   4.49,
   4.5,
   4.51,
   4.52,
   4.53,
   4.54,
   4.55,
   4.56,
   4.57,
   4.58,
   4.59,
   4.6,
   4.61,
   4.62,
   4.63,
   4.64,
   4.65,
   4.66,
   4.67,
   4.68,
   4.69,
   4.7,
   4.71,
   4.72,
   4.73,
   4.74,
   4.75,
   4.76,
   4.77,
   4.78,
   4.79,
   4.8,
   4.81,
   4.82,
   4.83,
   4.84,
   4.85,
   4.86,
   4.87,
   4.88,
   4.89,
   4.9,
   4.91,
   4.92,
   4.93,
   4.94,
   4.95,
   4.96,
   4.97,
   4.98,
   4.99,
   5,
   5.01,
   5.02,
   5.03,
   5.04,
   5.05,
   5.06,
   5.07,
   5.08,
   5.09,
   5.1,
   5.11,
   5.12,
   5.13,
   5.14,
   5.15,
   5.16,
   5.17,
   5.18,
   5.19,
   5.2,
   5.21,
   5.22,
   5.23,
   5.24,
   5.25,
   5.26,
   5.27,
   5.28,
   5.29,
   5.3,
   5.31,
   5.32,
   5.33,
   5.34,
   5.35,
   5.36,
   5.37,
   5.38,
   5.39,
   5.4,
   5.41,
   5.42,
   5.43,
   5.44,
   5.45,
   5.46,
   5.47,
   5.48,
   5.49,
   5.5,
   5.51,
   5.52,
   5.53,
   5.54,
   5.55,
   5.56,
   5.57,
   5.58,
   5.59,
   5.6,
   5.61,
   5.62,
   5.63,
   5.64,
   5.65,
   5.66,
   5.67,
   5.68,
   5.69,
   5.7,
   5.71,
   5.72,
   5.73,
   5.74,
   5.75,
   5.76,
   5.77,
   5.78,
   5.79,
   5.8,
   5.81,
   5.82,
   5.83,
   5.84,
   5.85,
   5.86,
   5.87,
   5.88,
   5.89,
   5.9,
   5.91,
   5.92,
   5.93,
   5.94,
   5.95,
   5.96,
   5.97,
   5.98,
   5.99,
   6,
   6.01,
   6.02,
   6.03,
   6.04,
   6.05,
   6.06,
   6.07,
   6.08,
   6.09,
   6.1,
   6.11,
   6.12,
   6.13,
   6.14,
   6.15,
   6.16,
   6.17,
   6.18,
   6.19,
   6.2,
   6.21,
   6.22,
   6.23,
   6.24,
   6.25,
   6.26,
   6.27,
   6.28,
   6.29,
   6.3,
   6.31,
   6.32,
   6.33,
   6.34,
   6.35,
   6.36,
   6.37,
   6.38,
   6.39,
   6.4,
   6.41,
   6.42,
   6.43,
   6.44,
   6.45,
   6.46,
   6.47,
   6.48,
   6.49,
   6.5,
   6.51,
   6.52,
   6.53,
   6.54,
   6.55,
   6.56,
   6.57,
   6.58,
   6.59,
   6.6,
   6.61,
   6.62,
   6.63,
   6.64,
   6.65,
   6.66,
   6.67,
   6.68,
   6.69,
   6.7,
   6.71,
   6.72,
   6.73,
   6.74,
   6.75,
   6.76,
   6.77,
   6.78,
   6.79,
   6.8,
   6.81,
   6.82,
   6.83,
   6.84,
   6.85,
   6.86,
   6.87,
   6.88,
   6.89,
   6.9,
   6.91,
   6.92,
   6.93,
   6.94,
   6.95,
   6.96,
   6.97,
   6.98,
   6.99,
   7};
   Double_t _fy1002[501] = {
   -1.160396,
   -0.9263136,
   -0.6922311,
   -0.4581485,
   -0.2240659,
   0.01001666,
   0.2440992,
   0.4781818,
   0.7122644,
   0.946347,
   1.18043,
   1.414512,
   1.648595,
   1.882677,
   2.11676,
   2.350842,
   2.584925,
   2.805469,
   3.020992,
   3.236515,
   3.452038,
   3.667561,
   3.883084,
   4.098606,
   4.386913,
   4.785989,
   5.008954,
   5.231919,
   5.466991,
   5.69041,
   5.913828,
   6.137247,
   6.360665,
   6.595179,
   6.819068,
   7.042957,
   7.266847,
   7.490736,
   7.80319,
   8.028076,
   8.252961,
   8.574092,
   8.800614,
   9.027136,
   9.253658,
   9.48018,
   9.706702,
   9.933224,
   10.2196,
   10.3722,
   10.48249,
   10.85145,
   11.32753,
   11.77135,
   12.1523,
   12.53326,
   12.91421,
   13.29516,
   13.67612,
   14.05707,
   14.43802,
   14.81898,
   15.19993,
   15.58088,
   15.96183,
   16.34279,
   16.72374,
   17.10469,
   17.48565,
   17.86426,
   18.24043,
   18.61683,
   18.90595,
   19.13053,
   19.3551,
   19.57968,
   19.80426,
   20.02883,
   20.25341,
   20.47799,
   20.77773,
   21.09408,
   21.41044,
   21.72679,
   22.04315,
   22.3595,
   22.67586,
   22.99221,
   23.35773,
   23.7724,
   24.18707,
   24.60175,
   25.01642,
   25.4311,
   25.81612,
   26.15323,
   26.49034,
   26.82745,
   27.22379,
   27.67938,
   28.13496,
   28.59055,
   29.04613,
   29.54724,
   30.09387,
   30.6348,
   31.14052,
   31.64624,
   32.15196,
   32.65768,
   33.1634,
   33.66912,
   34.17484,
   34.72026,
   35.30538,
   35.8905,
   36.47561,
   37.06073,
   37.64584,
   38.23096,
   38.81608,
   39.3866,
   39.93323,
   40.52971,
   41.15654,
   41.74166,
   42.32678,
   42.91814,
   43.55727,
   44.19639,
   44.46267,
   44.70032,
   44.93796,
   45.1756,
   45.41325,
   45.65089,
   45.88853,
   46.12618,
   46.10389,
   45.82168,
   45.98383,
   46.23635,
   46.48887,
   46.4723,
   46.18662,
   46.29872,
   46.01304,
   45.85605,
   46.15588,
   45.8702,
   45.98231,
   46.01304,
   45.72736,
   45.80074,
   46.12925,
   45.84054,
   45.87582,
   45.58711,
   45.67162,
   46.12935,
   46.05545,
   45.7673,
   46.27784,
   47.17634,
   48.46278,
   49.63269,
   51.0613,
   52.48992,
   53.91853,
   55.06552,
   55.64592,
   56.59844,
   57.17883,
   58.23008,
   59.75218,
   61.27428,
   62.79638,
   64.31847,
   65.57697,
   66.57185,
   67.56674,
   68.90998,
   70.56481,
   72.21965,
   73.87448,
   75.52931,
   77.18414,
   78.43918,
   79.14842,
   79.55296,
   79.9575,
   80.36204,
   81.01628,
   81.75108,
   82.16997,
   82.58886,
   83.00775,
   83.42664,
   83.84553,
   84.26442,
   84.68331,
   85.1022,
   85.52109,
   86.22891,
   87.07865,
   87.50654,
   87.93442,
   88.36231,
   89.09214,
   89.95515,
   90.39251,
   90.82988,
   91.38254,
   92.79103,
   94.51509,
   96.23914,
   97.96319,
   99.68724,
   101.4113,
   103.1353,
   104.98,
   106.8939,
   108.8077,
   110.7216,
   112.6355,
   114.5493,
   116.4632,
   118.377,
   120.2909,
   122.7526,
   125.3881,
   128.0236,
   130.9082,
   133.8234,
   136.7387,
   139.6539,
   142.5691,
   145.4843,
   148.9157,
   152.8632,
   156.8108,
   160.7583,
   164.7059,
   168.2278,
   171.3544,
   174.4811,
   177.6077,
   180.7344,
   184.5162,
   188.9532,
   193.3902,
   197.8273,
   202.2643,
   206.4312,
   210.328,
   214.8088,
   219.6451,
   224.0329,
   228.4206,
   232.8083,
   237.196,
   241.5837,
   245.9714,
   249.8065,
   253.0889,
   256.3713,
   259.6537,
   262.9362,
   266.2186,
   269.501,
   272.7834,
   276.0658,
   279.3482,
   282.6307,
   285.9131,
   289.1955,
   292.4779,
   295.7603,
   299.0427,
   302.3252,
   305.6076,
   308.89,
   312.1724,
   315.4548,
   318.7373,
   322.0197,
   325.3021,
   328.5845,
   333.6118,
   340.3839,
   347.156,
   353.9281,
   360.7002,
   367.4723,
   374.2444,
   381.0165,
   387.7886,
   394.5607,
   401.3328,
   408.1049,
   414.877,
   421.6491,
   428.4212,
   435.1933,
   441.9654,
   448.7375,
   455.5096,
   462.2817,
   469.0538,
   475.8259,
   482.598,
   489.3701,
   496.1422,
   502.4669,
   508.3444,
   514.2218,
   520.0993,
   525.9767,
   531.8541,
   537.7316,
   543.609,
   549.4378,
   555.0653,
   560.6927,
   566.3201,
   571.9476,
   577.575,
   583.2024,
   589.704,
   595.8008,
   601.5498,
   607.2989,
   613.0479,
   619.7649,
   626.1366,
   632.213,
   638.2894,
   644.3659,
   651.8141,
   662.5138,
   673.2135,
   683.9132,
   694.6129,
   705.3126,
   716.0123,
   726.712,
   737.4117,
   748.1114,
   758.8111,
   769.5108,
   780.2105,
   790.9102,
   801.61,
   812.3097,
   823.0094,
   833.7091,
   844.4088,
   855.1085,
   865.8082,
   876.5079,
   887.2076,
   897.9073,
   908.607,
   919.7582,
   931.3608,
   942.9634,
   954.566,
   966.1686,
   977.7712,
   989.3738,
   1000.976,
   1012.579,
   1023.951,
   1035.046,
   1046.141,
   1057.236,
   1068.331,
   1079.425,
   1091.28,
   1103.894,
   1115.488,
   1126.83,
   1138.171,
   1150.411,
   1163.782,
   1175.932,
   1187.948,
   1199.963,
   1212.838,
   1227.983,
   1243.957,
   1259.931,
   1275.905,
   1291.878,
   1307.852,
   1323.826,
   1339.8,
   1355.774,
   1371.399,
   1386.665,
   1401.93,
   1417.196,
   1432.461,
   1449.987,
   1466.184,
   1481.794,
   1497.403,
   1513.012,
   1531.02,
   1547.816,
   1564.372,
   1580.927,
   1597.483,
   1617.754,
   1646.523,
   1675.292,
   1704.061,
   1732.83,
   1761.6,
   1790.369,
   1819.138,
   1847.907,
   1876.676,
   1905.445,
   1934.214,
   1962.983,
   1991.752,
   2020.522,
   2049.291,
   2078.06,
   2106.829,
   2135.598,
   2164.367,
   2193.136,
   2221.905,
   2250.675,
   2279.444,
   2308.213,
   2345.253,
   2390.564,
   2435.876,
   2481.187,
   2526.499,
   2571.81,
   2617.122,
   2662.433,
   2707.745,
   2753.056,
   2798.368,
   2843.679,
   2888.99,
   2934.302,
   2979.613,
   3024.925,
   3070.236,
   3115.548,
   3160.859,
   3206.171,
   3251.482,
   3296.794,
   3342.105,
   3387.416,
   3432.728,
   3478.039,
   3523.351,
   3568.662,
   3613.859,
   3657.103,
   3700.347,
   3743.592,
   3786.836,
   3830.08,
   3873.325,
   3916.569,
   3959.814,
   4003.058,
   4046.917,
   4091.899,
   4142.369,
   4197.669,
   4243.653,
   4289.637,
   4335.621,
   4387.482,
   4444.097,
   4491.146,
   4538.195,
   4585.245,
   4638.588,
   4705.472,
   4783.674,
   4861.876,
   4940.077,
   5018.279,
   5096.48,
   5174.682,
   5252.884,
   5331.085,
   5409.287,
   5487.488,
   5565.69};
   Double_t _fex1002[501] = {
   0,
   0,
   0,
   0,
   0,
   0,
   0,
   0,
   0,
   0,
   0,
   0,
   0,
   0,
   0,
   0,
   0,
   0,
   0,
   0,
   0,
   0,
   0,
   0,
   0,
   0,
   0,
   0,
   0,
   0,
   0,
   0,
   0,
   0,
   0,
   0,
   0,
   0,
   0,
   0,
   0,
   0,
   0,
   0,
   0,
   0,
   0,
   0,
   0,
   0,
   0,
   0,
   0,
   0,
   0,
   0,
   0,
   0,
   0,
   0,
   0,
   0,
   0,
   0,
   0,
   0,
   0,
   0,
   0,
   0,
   0,
   0,
   0,
   0,
   0,
   0,
   0,
   0,
   0,
   0,
   0,
   0,
   0,
   0,
   0,
   0,
   0,
   0,
   0,
   0,
   0,
   0,
   0,
   0,
   0,
   0,
   0,
   0,
   0,
   0,
   0,
   0,
   0,
   0,
   0,
   0,
   0,
   0,
   0,
   0,
   0,
   0,
   0,
   0,
   0,
   0,
   0,
   0,
   0,
   0,
   0,
   0,
   0,
   0,
   0,
   0,
   0,
   0,
   0,
   0,
   0,
   0,
   0,
   0,
   0,
   0,
   0,
   0,
   0,
   0,
   0,
   0,
   0,
   0,
   0,
   0,
   0,
   0,
   0,
   0,
   0,
   0,
   0,
   0,
   0,
   0,
   0,
   0,
   0,
   0,
   0,
   0,
   0,
   0,
   0,
   0,
   0,
   0,
   0,
   0,
   0,
   0,
   0,
   0,
   0,
   0,
   0,
   0,
   0,
   0,
   0,
   0,
   0,
   0,
   0,
   0,
   0,
   0,
   0,
   0,
   0,
   0,
   0,
   0,
   0,
   0,
   0,
   0,
   0,
   0,
   0,
   0,
   0,
   0,
   0,
   0,
   0,
   0,
   0,
   0,
   0,
   0,
   0,
   0,
   0,
   0,
   0,
   0,
   0,
   0,
   0,
   0,
   0,
   0,
   0,
   0,
   0,
   0,
   0,
   0,
   0,
   0,
   0,
   0,
   0,
   0,
   0,
   0,
   0,
   0,
   0,
   0,
   0,
   0,
   0,
   0,
   0,
   0,
   0,
   0,
   0,
   0,
   0,
   0,
   0,
   0,
   0,
   0,
   0,
   0,
   0,
   0,
   0,
   0,
   0,
   0,
   0,
   0,
   0,
   0,
   0,
   0,
   0,
   0,
   0,
   0,
   0,
   0,
   0,
   0,
   0,
   0,
   0,
   0,
   0,
   0,
   0,
   0,
   0,
   0,
   0,
   0,
   0,
   0,
   0,
   0,
   0,
   0,
   0,
   0,
   0,
   0,
   0,
   0,
   0,
   0,
   0,
   0,
   0,
   0,
   0,
   0,
   0,
   0,
   0,
   0,
   0,
   0,
   0,
   0,
   0,
   0,
   0,
   0,
   0,
   0,
   0,
   0,
   0,
   0,
   0,
   0,
   0,
   0,
   0,
   0,
   0,
   0,
   0,
   0,
   0,
   0,
   0,
   0,
   0,
   0,
   0,
   0,
   0,
   0,
   0,
   0,
   0,
   0,
   0,
   0,
   0,
   0,
   0,
   0,
   0,
   0,
   0,
   0,
   0,
   0,
   0,
   0,
   0,
   0,
   0,
   0,
   0,
   0,
   0,
   0,
   0,
   0,
   0,
   0,
   0,
   0,
   0,
   0,
   0,
   0,
   0,
   0,
   0,
   0,
   0,
   0,
   0,
   0,
   0,
   0,
   0,
   0,
   0,
   0,
   0,
   0,
   0,
   0,
   0,
   0,
   0,
   0,
   0,
   0,
   0,
   0,
   0,
   0,
   0,
   0,
   0,
   0,
   0,
   0,
   0,
   0,
   0,
   0,
   0,
   0,
   0,
   0,
   0,
   0,
   0,
   0,
   0,
   0,
   0,
   0,
   0,
   0,
   0,
   0,
   0,
   0,
   0,
   0,
   0,
   0,
   0,
   0,
   0,
   0,
   0,
   0,
   0,
   0,
   0,
   0,
   0,
   0,
   0,
   0,
   0,
   0,
   0,
   0,
   0,
   0,
   0,
   0,
   0,
   0,
   0,
   0,
   0,
   0,
   0,
   0,
   0,
   0,
   0,
   0,
   0,
   0,
   0,
   0,
   0,
   0,
   0,
   0,
   0,
   0,
   0,
   0,
   0,
   0,
   0,
   0,
   0,
   0,
   0,
   0,
   0};
   Double_t _fey1002[501] = {
   5.4366,
   5.227424,
   5.018248,
   4.809072,
   4.599896,
   4.39072,
   4.181544,
   3.972369,
   3.763193,
   3.554017,
   3.344841,
   3.135665,
   2.926489,
   2.717313,
   2.508138,
   2.298962,
   2.089786,
   1.894148,
   1.703532,
   1.512916,
   1.3223,
   1.131684,
   0.9410675,
   0.7504513,
   0.6326183,
   0.6640665,
   0.8716269,
   1.079187,
   1.27464,
   1.481746,
   1.688853,
   1.895959,
   2.103066,
   2.299078,
   2.505713,
   2.712349,
   2.918984,
   3.12562,
   3.243691,
   3.449331,
   3.654971,
   3.764364,
   3.968367,
   4.17237,
   4.376374,
   4.580377,
   4.78438,
   4.988383,
   5.014473,
   5.056269,
   5.140387,
   4.965833,
   4.898409,
   4.798717,
   4.636161,
   4.473604,
   4.311047,
   4.14849,
   3.985933,
   3.823376,
   3.660819,
   3.498262,
   3.335705,
   3.173148,
   3.010592,
   2.848035,
   2.685478,
   2.522921,
   2.360364,
   2.200152,
   2.078277,
   1.956629,
   1.922256,
   1.95243,
   1.982604,
   2.012778,
   2.042952,
   2.073126,
   2.1033,
   2.133474,
   2.238814,
   2.360766,
   2.482718,
   2.60467,
   2.726622,
   2.848574,
   2.970526,
   3.092478,
   3.16527,
   3.188902,
   3.212534,
   3.236167,
   3.259799,
   3.283431,
   3.336717,
   3.437914,
   3.53911,
   3.640307,
   3.682266,
   3.664988,
   3.647709,
   3.630431,
   3.613153,
   3.641397,
   3.715165,
   3.794633,
   3.909311,
   4.023989,
   4.138667,
   4.253345,
   4.368024,
   4.482702,
   4.59738,
   4.67236,
   4.707642,
   4.742924,
   4.778206,
   4.813488,
   4.84877,
   4.884052,
   4.919334,
   4.969213,
   5.04298,
   5.066892,
   5.060462,
   5.095744,
   5.131025,
   5.172557,
   5.261848,
   5.351139,
   5.813275,
   6.304048,
   6.794822,
   7.285595,
   7.776369,
   8.267142,
   8.757916,
   9.24869,
   9.479535,
   9.450454,
   9.865729,
   10.37138,
   10.87704,
   11.11359,
   11.08104,
   11.44628,
   11.41373,
   11.50986,
   11.43,
   11.39745,
   11.76269,
   11.41373,
   11.38118,
   10.98957,
   10.34283,
   10.31332,
   9.959804,
   9.930286,
   9.527544,
   8.751577,
   8.507255,
   8.484473,
   9.260376,
   9.648327,
   9.648327,
   9.875163,
   9.905038,
   9.934913,
   9.964788,
   10.27629,
   11.15438,
   11.66035,
   12.53844,
   12.94568,
   12.88207,
   12.81846,
   12.75485,
   12.69125,
   12.36403,
   11.77321,
   11.18239,
   10.93992,
   11.00905,
   11.07817,
   11.14729,
   11.21642,
   11.28554,
   11.75445,
   12.15977,
   12.2604,
   12.36102,
   12.46164,
   12.81196,
   13.24284,
   13.35782,
   13.47279,
   13.58776,
   13.70273,
   13.81771,
   13.93268,
   14.04765,
   14.16263,
   14.2776,
   14.10365,
   13.78777,
   13.89375,
   13.99972,
   14.1057,
   13.90973,
   13.58059,
   13.67709,
   13.77358,
   13.98538,
   14.42187,
   14.54281,
   14.66374,
   14.78468,
   14.90561,
   15.02655,
   15.14748,
   15.38905,
   15.69979,
   16.01052,
   16.32126,
   16.63199,
   16.94273,
   17.25346,
   17.56419,
   17.87493,
   18.73359,
   19.76593,
   20.79827,
   22.07983,
   23.39192,
   24.70401,
   26.01611,
   27.3282,
   28.64029,
   29.43621,
   29.71596,
   29.99572,
   30.27547,
   30.55522,
   31.26061,
   32.36126,
   33.46192,
   34.56257,
   35.66323,
   36.10869,
   35.89897,
   35.68925,
   35.47953,
   35.2698,
   34.78996,
   34.04,
   33.87407,
   34.14536,
   34.86527,
   35.58519,
   36.30511,
   37.02502,
   37.74494,
   38.46485,
   39.1199,
   39.71009,
   40.30027,
   40.89045,
   41.48064,
   42.07082,
   42.661,
   43.25119,
   43.84137,
   44.43155,
   45.02174,
   45.61192,
   46.2021,
   46.79229,
   47.38247,
   47.97265,
   48.56284,
   49.15302,
   49.7432,
   50.33339,
   50.92357,
   51.51375,
   52.10394,
   52.69412,
   53.2843,
   54.18462,
   55.39507,
   56.60553,
   57.81598,
   59.02643,
   60.23688,
   61.44734,
   62.65779,
   63.86824,
   65.0787,
   66.28915,
   67.4996,
   68.71006,
   69.92051,
   71.13096,
   72.34141,
   73.55187,
   74.76232,
   75.97277,
   77.18323,
   78.39368,
   79.60413,
   80.81459,
   82.02504,
   83.23549,
   84.40371,
   85.5297,
   86.65568,
   87.78166,
   88.90765,
   90.03363,
   91.15962,
   92.2856,
   93.46023,
   94.83622,
   96.21221,
   97.5882,
   98.96419,
   100.3402,
   101.7162,
   102.218,
   103.1246,
   104.379,
   105.6334,
   106.8879,
   107.263,
   108.2928,
   109.6177,
   110.9427,
   112.2677,
   113.0125,
   115.0569,
   117.1013,
   119.1456,
   121.19,
   123.2344,
   125.2788,
   127.3231,
   129.3675,
   131.4119,
   133.4563,
   135.5006,
   137.545,
   139.5894,
   141.6338,
   143.6781,
   145.7225,
   147.7669,
   149.8113,
   151.8556,
   153.9,
   155.9444,
   157.9888,
   160.0331,
   162.0775,
   164.2568,
   166.5709,
   168.8851,
   171.1992,
   173.5134,
   175.8275,
   178.1417,
   180.4558,
   182.77,
   185.3144,
   188.1364,
   190.9583,
   193.7803,
   196.6022,
   199.4241,
   201.4866,
   202.7895,
   205.1116,
   207.687,
   210.2623,
   212.1204,
   213.4924,
   216.0847,
   218.8118,
   221.5388,
   223.4061,
   225.823,
   229.0693,
   232.3157,
   235.562,
   238.8084,
   242.0547,
   245.301,
   248.5474,
   251.7937,
   255.3888,
   259.3435,
   263.2982,
   267.2529,
   271.2076,
   272.9025,
   275.9252,
   279.5361,
   283.1469,
   286.7578,
   287.9709,
   291.105,
   294.9332,
   298.7614,
   302.5896,
   305.0441,
   310.9084,
   316.7727,
   322.6369,
   328.5012,
   334.3655,
   340.2297,
   346.094,
   351.9583,
   357.8226,
   363.6868,
   369.5511,
   375.4154,
   381.2796,
   387.1439,
   393.0082,
   398.8724,
   404.7367,
   410.601,
   416.4652,
   422.3295,
   428.1938,
   434.058,
   439.9223,
   445.7866,
   453.5167,
   463.1128,
   472.7089,
   482.3049,
   491.901,
   501.497,
   511.0931,
   520.6892,
   530.2852,
   539.8813,
   549.4774,
   559.0734,
   568.6695,
   578.2655,
   587.8616,
   597.4577,
   607.0537,
   616.6498,
   626.2459,
   635.8419,
   645.438,
   655.0341,
   664.6301,
   674.2262,
   683.8222,
   693.4183,
   703.0144,
   712.6104,
   722.3216,
   733.9847,
   745.6479,
   757.311,
   768.9742,
   780.6373,
   792.3005,
   803.9636,
   815.6267,
   827.2899,
   839.5676,
   852.9686,
   860.8814,
   863.9652,
   876.3643,
   888.7634,
   901.1624,
   907.6841,
   909.4527,
   920.7866,
   932.1205,
   943.4544,
   948.4943,
   954.4876,
   971.798,
   989.1085,
   1006.419,
   1023.729,
   1041.04,
   1058.35,
   1075.661,
   1092.971,
   1110.282,
   1127.592,
   1144.903};
   gre = new TGraphErrors(501,_fx1002,_fy1002,_fex1002,_fey1002);
   gre->SetName("");
   gre->SetTitle("HFB, Skyrme + comb. (1#sigma fit to data)");

   ci = 1181;
   color = new TColor(ci, 0.9607843, 0.7490196, 0.8235294, " ", 0.6);
   gre->SetFillColor(ci);
   gre->SetFillStyle(1000);
   multigraph->Add(gre,"3");
   
   Double_t Graph_fx1[20] = {
   2.01,
   2.26,
   2.51,
   2.76,
   3.01,
   3.26,
   3.51,
   3.76,
   4.01,
   4.26,
   4.51,
   4.76,
   5.01,
   5.26,
   5.51,
   5.76,
   6.01,
   6.51,
   7.01,
   7.51};
   Double_t Graph_fy1[20] = {
   2.015,
   6.364,
   7.74,
   10.68,
   14.544,
   11.534,
   20.275,
   21.455,
   30.733,
   51.77,
   64.9,
   92.68,
   113.441,
   151.944,
   189.93,
   240.33,
   331.23,
   594.42,
   1004.39,
   1531.9};
   TGraph *graph = new TGraph(20,Graph_fx1,Graph_fy1);
   graph->SetName("Graph");
   graph->SetTitle("HFB, Skyrme + comb. (RIPL3)");
   graph->SetFillStyle(1000);
   graph->SetLineWidth(3);
   multigraph->Add(graph,"L");
   
   Double_t _fx3001[44] = {
   -0.196,
   -0.068,
   0.06,
   0.188,
   0.316,
   0.444,
   0.572,
   0.7,
   0.828,
   0.956,
   1.084,
   1.212,
   1.34,
   1.468,
   1.596,
   1.724,
   1.852,
   1.98,
   2.108,
   2.236,
   2.364,
   2.492,
   2.62,
   2.748,
   2.876,
   3.004,
   3.132,
   3.26,
   3.388,
   3.516,
   3.644,
   3.772,
   3.9,
   4.028,
   4.156,
   4.284,
   4.412,
   4.54,
   4.668,
   4.796,
   4.924,
   5.052,
   5.18,
   5.308};
   Double_t _fy3001[44] = {
   0.01146968,
   0.01387025,
   2.204041,
   0.2643716,
   0.7109216,
   0.7783142,
   0.7874861,
   1.004901,
   6.216035,
   2.647762,
   1.667334,
   2.080588,
   2.318876,
   2.952276,
   4.652584,
   5.213053,
   3.709515,
   4.540589,
   5.581976,
   10.07996,
   11.06356,
   11.95473,
   14.20423,
   15.86599,
   23.3246,
   28.32836,
   27.09914,
   33.43732,
   43.81505,
   40.55717,
   46.28898,
   68.22172,
   69.24715,
   81.88196,
   94.19047,
   136.0338,
   142.9396,
   180.7474,
   271.3008,
   285.6877,
   437.7414,
   314.5841,
   438.5176,
   581.8549};
   Double_t _felx3001[44] = {
   0,
   0,
   0,
   0,
   0,
   0,
   0,
   0,
   0,
   0,
   0,
   0,
   0,
   0,
   0,
   0,
   0,
   0,
   0,
   0,
   0,
   0,
   0,
   0,
   0,
   0,
   0,
   0,
   0,
   0,
   0,
   0,
   0,
   0,
   0,
   0,
   0,
   0,
   0,
   0,
   0,
   0,
   0,
   0};
   Double_t _fely3001[44] = {
   0.0005726388,
   0.0005625915,
   0.06894069,
   0.00696999,
   0.01187479,
   0.01001891,
   0.009980493,
   0.01852818,
   0.1487691,
   0.08704736,
   0.07043111,
   0.1045275,
   0.1362495,
   0.1969312,
   0.347939,
   0.4324481,
   0.3399724,
   0.4528246,
   0.6026913,
   1.160389,
   1.365138,
   1.570316,
   1.975587,
   2.333097,
   3.601676,
   4.593014,
   4.610695,
   5.934616,
   8.087979,
   7.762839,
   9.302288,
   14.22967,
   14.96697,
   18.35432,
   21.76468,
   32.18649,
   34.82996,
   45.23164,
   69.59083,
   75.76342,
   118.5798,
   91.51196,
   135.3929,
   217.4251};
   Double_t _fehx3001[44] = {
   0,
   0,
   0,
   0,
   0,
   0,
   0,
   0,
   0,
   0,
   0,
   0,
   0,
   0,
   0,
   0,
   0,
   0,
   0,
   0,
   0,
   0,
   0,
   0,
   0,
   0,
   0,
   0,
   0,
   0,
   0,
   0,
   0,
   0,
   0,
   0,
   0,
   0,
   0,
   0,
   0,
   0,
   0,
   0};
   Double_t _fehy3001[44] = {
   0.0005454086,
   0.0005406617,
   0.06684968,
   0.006864721,
   0.0117835,
   0.01001527,
   0.009988444,
   0.01867715,
   0.1518806,
   0.08962908,
   0.07307904,
   0.1095377,
   0.1440561,
   0.2102651,
   0.3750203,
   0.4703834,
   0.3727762,
   0.5010217,
   0.6725989,
   1.30863,
   1.552332,
   1.801281,
   2.286698,
   2.723469,
   4.244149,
   5.459439,
   5.524672,
   7.176088,
   9.872334,
   9.568948,
   11.52252,
   17.77079,
   18.8452,
   23.2798,
   27.85702,
   41.66454,
   45.47635,
   59.61102,
   92.61414,
   101.3929,
   160.3693,
   122.2372,
   179.4987,
   271.7103};
   TGraphAsymmErrors *grae = new TGraphAsymmErrors(44,_fx3001,_fy3001,_felx3001,_fehx3001,_fely3001,_fehy3001);
   grae->SetName("");
   grae->SetTitle("present work");
   grae->SetFillStyle(3010);
   grae->SetMarkerStyle(22);
   
   TH1F *Graph_Graph3001 = new TH1F("Graph_Graph3001","present work",100,-0.7464,5.8584);
   Graph_Graph3001->SetMinimum(0.009807333);
   Graph_Graph3001->SetMaximum(938.9207);
   Graph_Graph3001->SetDirectory(0);
   Graph_Graph3001->SetStats(0);

   ci = TColor::GetColor("#000099");
   Graph_Graph3001->SetLineColor(ci);
   Graph_Graph3001->GetXaxis()->SetTitle(" energy (MeV)");
   Graph_Graph3001->GetXaxis()->SetLabelFont(42);
   Graph_Graph3001->GetXaxis()->SetTitleOffset(1);
   Graph_Graph3001->GetXaxis()->SetTitleFont(42);
   Graph_Graph3001->GetYaxis()->SetTitle(" level density (1/MeV)");
   Graph_Graph3001->GetYaxis()->SetLabelFont(42);
   Graph_Graph3001->GetYaxis()->SetTitleFont(42);
   Graph_Graph3001->GetZaxis()->SetLabelFont(42);
   Graph_Graph3001->GetZaxis()->SetTitleOffset(1);
   Graph_Graph3001->GetZaxis()->SetTitleFont(42);
   grae->SetHistogram(Graph_Graph3001);
   
   multigraph->Add(grae,"APE");
   multigraph->Draw("apl");
   multigraph->GetXaxis()->SetLimits(-0.5813, 7.8953);
   multigraph->GetXaxis()->SetTitle("Energy (MeV)");
   multigraph->GetXaxis()->SetLabelFont(42);
   multigraph->GetXaxis()->SetTitleOffset(1);
   multigraph->GetXaxis()->SetTitleFont(42);
   multigraph->GetYaxis()->SetTitle("Level density #rho (E) (MeV^{-1})");
   multigraph->GetYaxis()->SetLabelFont(42);
   multigraph->GetYaxis()->SetTitleOffset(1.4);
   multigraph->GetYaxis()->SetTitleFont(42);
   
   TH1F *discreteLevel__1 = new TH1F("discreteLevel__1","discrete levels",52,0,6.668);
   discreteLevel__1->SetBinContent(1,7.8125);
   discreteLevel__1->SetBinContent(7,7.8125);
   discreteLevel__1->SetBinContent(13,7.8125);
   discreteLevel__1->SetBinContent(14,7.8125);
   discreteLevel__1->SetBinContent(17,7.8125);
   discreteLevel__1->SetBinContent(18,7.8125);
   discreteLevel__1->SetBinContent(19,15.625);
   discreteLevel__1->SetBinContent(20,7.8125);
   discreteLevel__1->SetBinContent(21,15.625);
   discreteLevel__1->SetBinContent(22,7.8125);
   discreteLevel__1->SetBinContent(23,31.25);
   discreteLevel__1->SetBinContent(24,23.4375);
   discreteLevel__1->SetBinContent(25,15.625);
   discreteLevel__1->SetBinContent(26,39.0625);
   discreteLevel__1->SetBinContent(27,54.6875);
   discreteLevel__1->SetBinContent(28,7.8125);
   discreteLevel__1->SetBinContent(29,23.4375);
   discreteLevel__1->SetBinContent(30,23.4375);
   discreteLevel__1->SetBinContent(31,15.625);
   discreteLevel__1->SetBinContent(32,15.625);
   discreteLevel__1->SetBinContent(33,15.625);
   discreteLevel__1->SetBinContent(34,23.4375);
   discreteLevel__1->SetBinContent(35,15.625);
   discreteLevel__1->SetBinContent(36,15.625);
   discreteLevel__1->SetBinContent(37,23.4375);
   discreteLevel__1->SetBinContent(38,7.8125);
   discreteLevel__1->SetBinContent(39,15.625);
   discreteLevel__1->SetBinContent(40,15.625);
   discreteLevel__1->SetBinContent(41,23.4375);
   discreteLevel__1->SetBinContent(42,7.8125);
   discreteLevel__1->SetBinContent(43,7.8125);
   discreteLevel__1->SetBinContent(44,15.625);
   discreteLevel__1->SetBinContent(45,15.625);
   discreteLevel__1->SetBinContent(46,7.8125);
   discreteLevel__1->SetBinContent(47,7.8125);
   discreteLevel__1->SetBinContent(48,39.0625);
   discreteLevel__1->SetBinContent(49,7.8125);
   discreteLevel__1->SetBinContent(50,15.625);
   discreteLevel__1->SetBinContent(52,7.8125);
   discreteLevel__1->SetBinContent(53,7.8125);
   discreteLevel__1->SetBinError(1,7.8125);
   discreteLevel__1->SetBinError(7,7.8125);
   discreteLevel__1->SetBinError(13,7.8125);
   discreteLevel__1->SetBinError(14,7.8125);
   discreteLevel__1->SetBinError(17,7.8125);
   discreteLevel__1->SetBinError(18,7.8125);
   discreteLevel__1->SetBinError(19,15.625);
   discreteLevel__1->SetBinError(20,7.8125);
   discreteLevel__1->SetBinError(21,15.625);
   discreteLevel__1->SetBinError(22,7.8125);
   discreteLevel__1->SetBinError(23,31.25);
   discreteLevel__1->SetBinError(24,23.4375);
   discreteLevel__1->SetBinError(25,15.625);
   discreteLevel__1->SetBinError(26,39.0625);
   discreteLevel__1->SetBinError(27,54.6875);
   discreteLevel__1->SetBinError(28,7.8125);
   discreteLevel__1->SetBinError(29,23.4375);
   discreteLevel__1->SetBinError(30,23.4375);
   discreteLevel__1->SetBinError(31,15.625);
   discreteLevel__1->SetBinError(32,15.625);
   discreteLevel__1->SetBinError(33,15.625);
   discreteLevel__1->SetBinError(34,23.4375);
   discreteLevel__1->SetBinError(35,15.625);
   discreteLevel__1->SetBinError(36,15.625);
   discreteLevel__1->SetBinError(37,23.4375);
   discreteLevel__1->SetBinError(38,7.8125);
   discreteLevel__1->SetBinError(39,15.625);
   discreteLevel__1->SetBinError(40,15.625);
   discreteLevel__1->SetBinError(41,23.4375);
   discreteLevel__1->SetBinError(42,7.8125);
   discreteLevel__1->SetBinError(43,7.8125);
   discreteLevel__1->SetBinError(44,15.625);
   discreteLevel__1->SetBinError(45,15.625);
   discreteLevel__1->SetBinError(46,7.8125);
   discreteLevel__1->SetBinError(47,7.8125);
   discreteLevel__1->SetBinError(48,39.0625);
   discreteLevel__1->SetBinError(49,7.8125);
   discreteLevel__1->SetBinError(50,15.625);
   discreteLevel__1->SetBinError(52,7.8125);
   discreteLevel__1->SetBinError(53,7.8125);
   discreteLevel__1->SetEntries(40);
   discreteLevel__1->GetXaxis()->SetLabelFont(42);
   discreteLevel__1->GetXaxis()->SetTitleOffset(1);
   discreteLevel__1->GetXaxis()->SetTitleFont(42);
   discreteLevel__1->GetYaxis()->SetLabelFont(42);
   discreteLevel__1->GetYaxis()->SetTitleFont(42);
   discreteLevel__1->GetZaxis()->SetLabelFont(42);
   discreteLevel__1->GetZaxis()->SetTitleOffset(1);
   discreteLevel__1->GetZaxis()->SetTitleFont(42);
   discreteLevel__1->Draw("same hist");
   
   TLegend *leg = new TLegend(0,0,0,0,NULL,"brNDC");
   leg->SetBorderSize(1);
   leg->SetLineColor(1);
   leg->SetLineStyle(1);
   leg->SetLineWidth(1);
   leg->SetFillColor(0);
   leg->SetFillStyle(1001);
   TLegendEntry *entry=leg->AddEntry("","fit to discrete exp. levels","lpf");
   entry->SetLineColor(1);
   entry->SetLineStyle(1);
   entry->SetLineWidth(1);
   entry->SetMarkerColor(1);
   entry->SetMarkerStyle(21);
   entry->SetMarkerSize(1);
   entry=leg->AddEntry("","HFB, Skyrme + comb. (1#sigma fit to data)","lpf");
   entry->SetLineColor(1);
   entry->SetLineStyle(1);
   entry->SetLineWidth(1);
   entry->SetMarkerColor(1);
   entry->SetMarkerStyle(21);
   entry->SetMarkerSize(1);
   entry=leg->AddEntry("Graph","HFB, Skyrme + comb. (RIPL3)","lpf");
   entry->SetLineColor(1);
   entry->SetLineStyle(1);
   entry->SetLineWidth(1);
   entry->SetMarkerColor(1);
   entry->SetMarkerStyle(21);
   entry->SetMarkerSize(1);
   entry=leg->AddEntry("","present work","lpf");
   entry->SetLineColor(1);
   entry->SetLineStyle(1);
   entry->SetLineWidth(1);
   entry->SetMarkerColor(1);
   entry->SetMarkerStyle(21);
   entry->SetMarkerSize(1);
   entry=leg->AddEntry("discreteLevel","discrete levels","lpflpf");
   entry->SetLineColor(1);
   entry->SetLineStyle(1);
   entry->SetLineWidth(1);
   entry->SetMarkerColor(1);
   entry->SetMarkerStyle(21);
   entry->SetMarkerSize(1);
   leg->Draw();
   Ecanvas->Modified();
   Ecanvas->cd();
   Ecanvas->SetSelected(Ecanvas);
}
