-839   0   0
-719   0   0
-599   0   0
-479   0   0
-359   0   0
-239   0.146384   0.146384
-119   1.4903   1.37185
0.999987   23.3288   23.3288
121   3.16328   2.93749
241   3.73941   3.43113
361   5.4307   5.02521
481   4.9692   4.58281
601   3.48094   3.25533
721   3.71457   3.43395
841   5.14747   4.7093
961   15.8885   14.4509
1081   19.515   17.5452
1201   9.14241   8.14611
1321   13.9503   12.3264
1441   24.675   21.5408
1561   20.8937   18.0632
1681   16.6128   14.1703
1801   24.7223   20.8955
1921   30.6553   25.6791
2041   41.4712   34.4828
2161   44.0448   36.2728
2281   42.9705   34.8716
2401   38.7363   31.2513
2521   37.8347   30.3392
2641   43.6157   34.2433
2761   51.8073   40.2634
2881   71.5184   55.5826
3001   73.5046   55.3862
3121   80.6226   59.1631
3241   108.443   81.1581
3361   149.086   104.418
3481   131.219   91.6256
3601   218.275   134.96
3721   363.738   154.924
3841   409.071   179.99
3961   501.38   216.351
4081   632.903   279.656
4201   737.512   324.618
4321   825.101   313.162
4441   859.875   304.68
4561   950.799   232.365
4681   0   0
4801   0   0
4921   0   0
5041   0   0
5161   0   0
