1921     3.09413e-09     4.41788e-09
2041     4.23503e-09     5.08707e-09
2161     4.40637e-09     4.87492e-09
2281     3.55406e-09     4.14517e-09
2401     2.47192e-09     3.19347e-09
2521     2.55425e-09     3.42378e-09
2641    2.46445e-09      3.3006e-09 
2761     2.4506e-09      3.12275e-09
2881     2.78172e-09     3.25803e-09
3001     3.187e-09       3.66947e-09
3121     3.46568e-09     3.93414e-09
3241     3.29222e-09     3.71255e-09
3361     3.40294e-09     3.83502e-09
3481    3.84629e-09      4.3361e-09 
3601     4.66104e-09     5.15344e-09
3721     5.01318e-09     5.45828e-09
3841     5.21178e-09     5.65187e-09
3961     6.30356e-09     6.80684e-09
4081     8.84268e-09     9.39166e-09
4201     8.3027e-09      8.87022e-09

