
1921    5.33075e-09     5.50907e-09 
2041    6.65968e-09     6.91111e-09 
2161    6.4116e-09      6.62264e-09 
2281    5.67185e-09     5.87783e-09 
2401    4.45694e-09     4.65107e-09 
2521  4.87455e-09       5.084e-09   
2641    4.81334e-09     5.02464e-09 
2761    4.71042e-09     4.93644e-09 
2881    4.88616e-09     5.12687e-09 
3001    5.39202e-09     5.65822e-09 
3121    5.6689e-09      5.96092e-09 
3241    5.87597e-09     6.19769e-09 
3361    5.50246e-09     5.82706e-09 
3481    5.7819e-09      6.14246e-09 
3601    6.54926e-09     6.96223e-09 
3721    6.88188e-09     7.33244e-09 
3841    6.71866e-09     7.18533e-09 
3961    7.85103e-09     8.41038e-09 
4081    1.0851e-08      1.16283e-08 
4201    1.01852e-08     1.09328e-08 
