-839   0   0
-719   0   0
-599   0   0
-479   0   0
-359   0   0
-239   0.14756   0.14756
-119   1.39139   1.36866
0.999987   24.3371   24.3371
121   3.89215   3.84973
241   4.4399   4.37654
361   5.51336   5.43196
481   4.76202   4.68492
601   3.7974   3.71744
721   4.12401   4.01716
841   5.34055   5.20242
961   12.9019   12.6082
1081   15.2046   14.8053
1201   8.44113   8.16773
1321   12.2398   11.8311
1441   20.26   19.6378
1561   17.3329   16.7259
1681   14.2796   13.7344
1801   21.8138   20.9523
1921   26.1997   25.1921
2041   36.8994   35.2766
2161   39.5344   37.8288
2281   38.6928   36.8718
2401   34.5171   32.7916
2521   34.0068   32.1814
2641   40.2155   38.0449
2761   48.1735   45.5572
2881   66.0423   61.7668
3001   66.9786   61.8474
3121   72.0207   66.2148
3241   97.71   89.2216
3361   134.04   122.307
3481   123.393   104.408
3601   191.134   145.496
3721   0   0
3841   0   0
3961   0   0
4081   0   0
4201   0   0
4321   0   0
4441   0   0
4561   0   0
4681   0   0
4801   0   0
4921   0   0
5041   0   0
5161   0   0
